"ComputationTime"
1743.65899999999
