"y1","y2","y3","y4","y5","y6","y7","y8","y9","y10","y11","y12","y13","y14","y15","y16","y17","y18"
0.369152416437539,0.884503150210996,0.313500943883777,0.689778239302807,0.0162425257589823,-1.58294744921545,0.361683483881818,-0.107082363146995,-1.20476839620301,-0.813758404816417,-0.559911460619514,-1.16545770753123,-1.34367293239529,0.0167981295873492,-0.0553466530419007,0.0110071120473018,-1.09356287317844,0.128202749400782
1.98110950135379,0.743857968678737,1.17951257420661,0.728168471956157,0.787611529550781,2.31570770703429,1.37271431782616,2.56351848567208,1.03295771379647,2.64160750778635,1.69211980750221,2.25330158493434,3.54194845091907,2.07904704494487,0.77228789891679,1.93947710900912,1.10621700238525,1.45693289246252
1.46582835090869,-1.10506200341142,2.0347048068939,0.412961482136264,0.871673844390552,1.54978085637257,0.205576580641494,2.21491088007363,-0.0170819630422647,-0.0769809019425907,1.74697884297368,1.86611983182325,0.779192774415002,1.57940931212205,1.02089436208114,2.15467199992659,-0.924219659430689,1.1620237083986
2.01240667474612,0.268455798971837,1.75907911862965,0.191939189524877,-0.0577369310564983,-1.09598138762066,0.0792360007932962,0.365656082128071,0.728966011571824,-0.133706171468307,1.12665576904549,0.289922556189124,0.156188196963814,-0.105266383338564,0.333840083121789,0.129458463505518,0.241206961636668,0.700623639418104
-1.2187015797896,-0.774876635699525,0.203401729714345,1.29059991518456,-0.635402605601471,0.845186288078048,-0.68805360467805,-0.172899322354865,-0.530818061918609,-1.1484184537357,1.03958777628514,1.37013920942118,0.209302558599811,0.742425871791853,-1.05695320584852,0.094463192430799,-0.507239284599718,0.161976047941318
-2.62722205612751,-0.247210735665054,0.761736904296603,-2.73331340639131,-2.47641212846991,0.0763072266736477,0.557291852184006,-2.1253792018598,1.01518069877049,-0.759713060051424,-2.12896961947698,-0.780673666543096,-0.937287607275682,-0.258008793177506,-1.78067121480251,-1.29691727805256,-0.664019622480028,-0.517675962630643
0.493549483211016,1.04623818950365,1.00408052544059,0.315313771973359,-0.497533542923852,-0.680605437160551,0.828838520110498,0.536413867892369,-0.0991000661275316,1.91827611406429,1.04913559902361,-0.115477371420314,0.57609946129336,0.650999155852043,-0.139901450900377,0.363339875730454,0.680577020655214,-0.227624785208908
-1.08163502989886,0.374656439720278,-0.686911414432486,0.49278496464739,0.182435964519805,-0.933852888674896,-0.168881084692013,1.03228734425761,-0.364927360874716,-0.294699330756768,-0.915050630566563,0.379511958250002,-1.02059781859026,0.015365681716341,0.763689334903547,1.4352855206163,-2.40185510776963,0.457859617777842
-1.63860796298702,-1.74352516335459,0.885331271359926,1.09217265446697,-0.690759322516197,-0.548721633705354,-2.51416188111612,-1.04425674644569,-0.865291422422738,-0.856278011313137,-0.726309881070747,-1.36451578399977,-1.69142584903498,-0.512392511151955,-0.685555335008051,-1.32084760324348,0.0493386220299092,-1.03762588142277
-0.148367858970382,0.295465510455239,0.703703995062957,0.631360548633449,-0.262410382180854,-0.109050052828337,-1.47411066373991,-0.641919133276253,-0.00168354874604754,0.152455412114104,0.214277972169876,-0.0595418609411308,-1.26417310985755,0.0569792989842247,0.152539842485842,0.325232076500528,-1.29465580597065,0.524212645272793
0.0319791822346334,0.841372002266838,-0.514395757427677,-1.07083821047332,0.404284928570354,2.06101068869956,0.420774081984915,0.149637659345014,0.000489717124982254,0.382967749762447,0.554482462472191,1.39361243333593,0.394973305506953,0.602544607458951,1.29898791512834,1.19559832107644,-0.287998544582153,0.533304507687632
0.0422051713263231,0.0519665309138028,0.877362170390182,0.0481523924718335,1.14777134051209,1.26330281965717,0.133840654537468,-0.904280900103986,0.48869508428304,0.317590944561705,0.727458557676924,1.25630230135992,0.488472651801265,-0.436148349768421,1.22873605515699,0.910239425814424,-0.758003609618685,1.1041709484749
1.78298961112775,-0.192375705341065,0.430379542446349,1.59793644165877,-1.0610815386238,-1.03096383234577,1.51052611774719,1.05558916078132,0.386691047678509,-1.09919756491973,0.418394536029722,1.72298597486514,-0.376241616096508,1.40375675508864,0.730500515773501,1.46530186111574,0.333246056573499,-0.969240864308409
-0.310050308519452,-0.083381408104623,-0.299551519204863,0.0660486353475289,-1.4172262935857,1.54238817816826,-0.125624836195922,0.0575479121288826,-1.49746990274898,-0.480572769456857,0.454000060021629,-1.05539980073583,0.35680157978835,-0.41428177421391,-0.632051781970905,-0.504290629671653,-0.471616744178349,0.437046098494896
-0.689985662963731,-0.891015137352162,-0.568326504353208,0.427654258874331,0.65907336258397,-0.497174020866609,-1.15133064296785,-0.829402132060637,0.674803991314528,-1.14815958234863,0.730328304322768,-0.375405566764103,-0.43106777049339,-0.388854662881212,-0.258724174665756,-0.587318655271141,-0.500592667809898,0.253424818565305
-0.29778982112928,0.651944185312594,0.192157628747094,-0.55685678845955,0.306501801035541,-0.0854231635320297,1.59215315123871,-0.04665237318743,-1.20807296473714,-1.33792100521888,-1.83052545704892,0.266575738049864,0.144479192911845,-0.537656208659181,-0.304931100393377,-0.823256778157051,1.15165446920174,-0.85702066016655
2.18959880687894,0.454433693374716,1.9016358276642,0.42764658164967,0.639406386882248,0.0948621174225677,0.990140621818182,0.40565816512384,-0.788497607203604,-0.173674323268552,1.30142556258985,0.856689495636669,1.35382802948198,-0.201641243188185,0.757833801369988,0.955948307784935,0.818737633813657,-0.421212232575915
1.76102061512394,0.748217810767621,0.45588607484814,1.09541923417543,0.570995031526657,0.036176178828272,0.40538084115349,0.758831064812281,-0.052091330067666,1.54007851120076,0.275036104796466,0.253205923817074,2.50364530023608,0.445915487489717,-0.251980437421075,0.307762676696007,2.90956372186481,-1.82263480776526
0.582535895687381,-0.20715464640581,-0.0326263417600189,-2.13497251108039,-1.22075022088091,-0.118908246434755,0.26881248217392,-0.883933954808758,-1.99573313539106,-2.22049262729439,-0.311115570831379,-0.510531672373603,0.0654159271741332,-0.7002685488719,-2.07393391306391,-1.11847973033464,-0.690808045716756,0.0470443987060604
-0.0849516684792303,0.0167710174087768,-0.0732461402250332,0.234856385250662,0.234650092187454,1.04918842832549,0.852594653103019,0.821327629488409,0.115940980971254,1.07264580400278,1.09858297334016,0.276990478533404,-0.245272052430356,0.87863507186004,0.412696085929138,0.918931888419138,0.303927033237717,-0.255878665966067
1.44460884872419,1.3012842079446,0.946510398578098,0.58457954900127,2.57686753356234,0.867717950571884,1.7982283306338,0.244515903917187,1.30351734689052,1.41706178943455,0.467463911916769,2.64017887757498,3.57694156025862,1.97709519290092,0.199521514908556,1.43104553799065,-0.357826118337344,3.01107566979845
-0.815539733637772,-0.969117522031093,-0.249430502590933,-0.577380343253365,0.430606396054751,0.798016269737223,-0.289759745082083,-0.143430082430878,-1.2461458462151,-0.805814730649358,0.387492333757017,-0.795812936116741,-0.0730561624391484,-0.550081901899207,-0.773808691652463,-0.537310005159503,0.051742785659729,-0.657735396207082
1.32265261681608,0.862209736463536,-0.417622257488874,0.0103893473053251,0.11342147713112,-0.31125879341521,0.197502923119471,0.155273391586421,-1.14949356127117,-0.44546300435919,0.408712432519084,0.174919375910618,0.0435889411360422,-0.314385959783467,0.673496498508197,-0.116626176881271,0.213363357255812,0.288729820345771
0.441413449393613,2.62220513634525,0.83915908226873,0.72826436442471,-0.469582171217684,-1.09618259121766,0.847783791041852,-0.691778208374434,-0.12647760890601,-0.321900433110323,-1.02907469140049,0.835141586268798,0.361189718706568,0.0803675757186722,0.0524532601122935,-0.403257893520535,0.937986568452807,0.0288098945555223
-0.0104193411260597,-0.00798139272624624,-0.284353150869513,0.956835958695999,0.458939182268935,-0.0286012171427269,-0.311483751370303,0.412806347169089,0.0750434637662435,1.54792118690074,0.102111259629448,-0.526526145827901,0.375571757004728,0.161957172171136,0.454213037421372,-0.262925720016184,-0.0984555814979973,1.1725233552905
-0.43935053230218,-0.351734251518531,0.66687169646243,1.53711588959856,2.2710279999972,-0.828288857093385,0.679996317832513,-0.807313948720394,0.0646033561280563,-0.0190776472934705,-0.926687234925047,0.203382906021434,1.06097450022493,-0.0035132267814276,0.474088974225111,-0.0165063352303248,-0.71046232274862,1.60755548915104
-0.323110392855066,-1.06719033351782,0.311325955084596,-0.09048424491977,0.921533855379724,0.472483470796552,1.80635137940015,0.561250426538513,1.37811373451855,-0.217989164349673,0.948420064423433,1.71515064127205,1.08153231172656,-1.00767922641551,1.75454315705295,0.821606830464444,0.0723598632777752,0.466393910134931
-0.640532871158233,-0.925064262426009,-0.0114526490948309,0.349582674282573,-1.65570291791715,-0.00743053649938303,-0.223459164621337,-0.73336360759372,-0.780506494782107,0.0994015278010807,-1.15821138766352,-0.658223233081971,-1.11984030334875,-0.77465418347916,-0.205220682980382,-0.388599493669417,-0.898544275321554,-0.29137471523036
0.769465671703371,2.4507494469851,0.658782938199816,-0.598743209745087,0.637139603019067,-0.673526137267066,-1.7921158897985,1.14997401575133,0.341490985365004,0.496700882679137,-0.207581251800167,0.441648752978728,0.32312803392383,0.660828689072108,0.0659942327837018,1.30220035888647,-1.55200100194397,1.13546623623008
0.541892086250186,-0.087140406186964,-0.888697052678487,-1.50940634718349,0.381331783406232,-0.102995210478473,-0.824336754218462,0.243826598001972,0.424650113951993,-1.13424522989969,-1.4645284561442,0.298346731592905,0.323003691407548,-0.377690908349013,-0.44676947268348,0.40070784488014,-0.195548796014011,-0.578878652580761
-0.753113275809952,-0.493046646279775,-0.834558430178644,1.31483300058329,1.90527433678432,2.25081497143164,1.9464889705771,-0.00153725424614967,1.11775388677725,0.58873423631895,1.47923081959398,0.599862969514856,0.952294791038386,1.22637027860649,1.60655481634432,0.820700396507541,1.62487465872899,-0.309356792028315
1.47162942955266,-0.676482740614168,-1.20455472610063,-1.30047706348921,-1.35746280830743,-0.596160295605477,-0.918323717023441,1.78505945431533,0.488383449848404,0.213181755365417,1.12534373127949,0.0919265326259251,-0.919415030907585,-0.245289271173416,0.188457394984921,-0.508796940378857,0.372340782703966,0.204561038606389
-0.731224220094602,-1.42225908989914,-1.33801623067427,0.025060055491263,-0.438596721643004,-1.35362664709739,-1.91968574049565,-0.505394222694208,-2.41706488079952,-2.19651174752597,-3.1062692825504,-2.49967100179163,-0.943016531208124,-1.49248670671358,-1.96869857253447,-2.57989193200162,0.231684307522933,-1.21721899541476
-0.4828264219122,1.22934278505539,-0.116055270100185,0.448082349919973,-1.57703966253954,1.00143537615277,0.0908104829538141,0.243301501492977,-0.986743791072957,-0.594190018455398,0.529776048934793,-0.0528172337625089,-1.67315442898343,1.0432640150888,0.174264935902094,-0.667225763078525,0.409514765208071,0.348897957745613
0.479481696269909,-1.07222377062453,0.22449500682715,0.585349071315664,-0.0575301582728679,0.311898161896754,-0.419753990746299,-0.348186135683148,-0.934151970867724,0.264300035137506,0.670112355976272,-0.552269237319781,0.306284305206536,0.6481493475329,-0.289759776999745,-0.903911412990307,2.19958275856803,-1.51051935973739
1.42666592109644,1.39729561055483,1.62256968660043,0.6919927329991,1.03575590892468,1.57518515108636,1.06395217793119,-0.0662255993244149,0.829226875542987,0.896562639107957,0.472882053132228,1.01135911925021,1.95312815479693,-0.191336934528806,2.18682433574563,2.17960644205231,-0.596755947957124,1.14118676928151
1.98761497286571,1.16231108321516,2.0497399070511,-0.000344055477902037,-0.372850821987791,1.13461395256807,0.629604546932961,1.85014786317374,1.65086014791418,1.80789518432876,2.18042801682055,1.16907731775274,1.26946189765486,2.99168085651061,1.1858288952685,2.48373891634853,0.0575245821699845,0.630270245448477
0.540086376802451,0.0173203646065448,0.632220807936543,-1.62499335821817,1.89599450296136,0.653184983345058,-0.374189088416724,1.20527053479871,-0.0651315505086801,0.718342723281153,-0.0583898584034317,0.619528925099025,0.0864239654810714,0.869626865499537,1.0663889684041,0.423348022612712,0.758485439525243,0.190402723410593
0.956371797011687,0.0936016856416342,-1.22148782204628,-0.0239786951757178,-0.812973554722371,-0.715489344497355,-0.135207355252016,-0.310283726376039,-0.952593867442619,0.0281465500200541,0.329433381868219,-0.295551223932269,-1.51827713107875,0.298398436233213,0.475463035630097,-1.01039024023877,-0.113571186441584,0.740623388072773
0.64445384827774,0.428059922930926,0.346574159111681,0.440575319714285,-0.621142366695648,-0.138558276106513,0.279449852581427,1.11292123451187,-0.478474494809879,0.273330791485084,0.951324020154252,1.10038486338102,-0.0304710128815229,0.101313284984116,0.335813219752916,1.96644044385548,-2.85245853761679,1.60095225067312
-0.933769895523167,0.174890127873626,1.49477588372567,-0.19632329566821,0.130237085984354,-0.473589864639376,0.285733941730671,-0.0203375213291911,0.461800943079056,0.318650423057444,0.943306499407553,0.732844573773581,0.0720109224040658,-0.0903180880766829,0.21897907490497,-0.50553753392935,0.388911728874226,0.591110946604948
-0.967901144118662,1.39312980222945,0.650682451696569,0.615832882212767,1.72858170716983,0.987909649482277,1.42443313876551,0.868151306255236,0.559799523933465,0.0834948122253716,1.0506989060287,1.45063025568883,0.433414354007008,-0.239102541132146,2.50533811753285,1.07943895347975,-0.541952478030605,1.86682884519402
1.57552617785054,-0.337192218902814,-0.496091520340293,-0.348259117380243,0.329305528835856,1.01467581949492,0.66304724545079,1.16283983425281,0.799090836082315,-0.703316116804212,0.0451041699709785,1.47540573943113,1.36332048645985,1.32907789711599,0.051190262998898,1.43873156793155,-0.459876691399513,0.572872657787149
0.221007213727206,0.214684761710476,-0.412392611131615,-0.960066537910489,0.0105105422016984,0.642599772257788,0.362101539315307,0.127587474255305,0.396865482019854,-1.78632219513503,-0.993975867127221,-0.164377630568363,-0.836054553274177,-0.757412095660418,1.15093985540233,-0.487460992927328,-0.280010492257036,0.720530709677822
-0.903648958382663,-1.60594510070503,-1.5287065941481,-0.103314143609105,-0.240687011761229,-0.556358174791052,0.4475555768406,-0.541610510201361,-0.457648597802332,0.139353534511309,0.954791550096891,-0.305501124869503,0.645218034177876,-0.152768415773852,-1.58216837579938,-0.817946163183232,0.529639181276021,-0.791117869052106
0.163032471796879,-0.711689643705464,0.281982787765553,0.990734256488132,0.0393548771188599,-0.677749457066602,0.584005846636365,0.116145925606808,-0.826535511164639,-0.00444771348649222,-0.234277615028596,-0.6282348183833,0.0536854052367559,0.0653187546749623,-0.541963624112561,0.0559584352007678,-1.53876038816842,1.16759596394241
0.506553392085661,0.255237044111122,1.69166463305006,2.04952297058564,0.823918130238945,0.128627773884915,0.524861986767109,0.999078324978809,2.80908021661479,0.144446931054598,1.61709859022838,0.970264387942068,0.795790941150778,1.49195743445832,1.43153349893771,0.653575397422399,1.11514486012592,1.03994859605462
0.690469079091031,1.27225560214899,-1.05812095337164,1.87596572580899,0.818929393994397,-0.459307893379581,0.679794046747944,1.59232942185118,-1.1100468780793,0.258692080831402,-0.673154473077832,0.121177134835695,0.885230910338801,-0.159242751806937,0.550774087284681,-0.0160577508595401,0.150932944776101,1.04999141579773
0.676285460493183,0.471240980096259,1.70579114227874,-0.342760603123726,0.0373822127356672,-0.614209711604637,0.456735687541979,0.260128432985309,0.133328346471363,-0.908367455622651,0.681457928127058,0.458058595952713,0.377493187747211,0.509526399364623,0.170516528731317,0.182220015516503,-0.987535532687696,1.63452099428158
-0.653291373742571,0.478162443136207,-0.474185806475324,0.13891441550717,-1.09740531834777,-0.00988093504463851,-0.926834224520373,0.945479633808613,0.447662401430066,-0.0391204848277313,-0.273327722162219,-0.206934528491711,-0.671506102296458,-0.613031525552992,1.05911941471481,-0.373613835886279,-0.0111503279359571,0.237490932194238
-0.367654051335578,-0.368882754767713,-0.605933074704592,-0.982964382877632,-0.182707247933672,0.995475587961979,-0.576328798358469,-0.117099111537549,0.562733264199695,0.198220182101097,0.289772210335564,-2.06117728647372,0.0592734112421725,-0.862053928380554,-0.437719196236112,-0.826725441482321,-0.0834099725706126,0.199893611300245
-0.442241672634389,-1.13145970903122,0.138995662255729,-1.43925210001489,0.00727898366480007,0.444876339535798,-2.21450752067149,-0.429960588078142,-0.183267338418348,-0.949897454104348,-0.0763318436699286,-0.908979007238704,-0.223823654656282,-1.16297393469552,-0.387181296386576,-0.596353960162451,-1.18224041046269,0.429416999833327
-0.107267722497155,0.537480313426666,-0.770314592440262,-2.218831124687,-0.932339612335183,-1.26814601522069,1.7379147647603,-0.0854206063235195,-0.141021048042835,-1.2894339295389,-0.451046543158315,-1.11398756422378,-1.0522986193727,-0.836109395724821,-0.18300682218561,-0.525267028360863,-0.0918413008521745,-0.865684389687232
-1.42047333079611,0.490675600676951,0.439844629149589,0.182338353532626,0.442162924915139,0.707802501727587,-1.29464936062469,0.272145971730938,0.145735929235184,-0.960678124397144,-2.71538567454172,0.138624654492773,-0.362274248169113,-0.0338670443681441,-0.182277998246084,-0.55709901155263,0.489141418393845,-0.357395252865548
-1.79698720540992,-0.467171502106495,0.663645666136342,0.165992701569251,-1.23127829879066,-2.47994529857872,-0.963744458785378,0.320619592356106,-0.264171529549129,-1.06453464488092,-0.599254004991273,-1.75882203477075,-2.59227548840902,-0.801440195138831,-0.139174812111335,-0.993128709429119,0.282466507748749,-2.07553461730198
-0.320947900493101,-0.0244984896723272,-0.462678017159568,-1.05785998840487,-2.29447771122037,-0.89192691010284,0.0254594522911045,0.58338431448652,-0.560801780465218,-0.529138331651369,-2.15103600171027,-0.759795170866709,-0.994419430662205,-1.58634299460675,-0.504214248829295,-1.66033609982597,1.25912066714488,-1.46371683899614
0.59900064169757,1.04091750461022,1.71713387983147,0.805977183169847,-1.34863151510691,0.0336591993125854,1.41807160285888,-0.400027335198829,1.27364735893309,0.171041075608059,0.352454194950799,0.921153624005269,-0.213029173871752,0.905518155387022,0.541532669554507,0.337978366061355,-0.674597418102929,1.64121845472058
0.481097352091789,0.294993711247594,0.153598163609583,-0.939565454793971,0.212462985244737,0.591311953041528,-0.055114443743947,-0.759905606173118,-0.52218784998485,-1.13690671264193,-0.338118069563622,-0.165307227530211,-0.0772608346764876,0.326757350069448,-0.935464718959849,-0.432084320373835,-0.103567577022589,0.166588152758873
0.686613019131276,-0.533559109140865,-0.213435095135753,-0.214394710496014,0.722688423459759,1.1587584797494,-0.330568523829993,0.337265705226365,0.191113724169328,0.304421511235243,0.290007784398501,1.36120193238148,1.64470370093727,0.246001664412336,0.879936392507847,0.0974521887736488,1.12275510765984,0.32521160578523
0.536221870978095,1.22698737599333,1.18105283515701,1.3991612906079,-0.176638661439242,0.587132035807571,-0.0989578928514799,-0.00188463753107557,-0.675769952319471,0.223491883919035,-1.16386482479286,0.0181248770718379,0.814754448386523,0.407364899253432,-1.05320129795983,-0.849404080367219,1.58620897639754,-0.0764129987092428
-0.392460492795238,1.28327303063632,0.70130779238841,-0.704065193735728,-1.03817915526904,0.157432739813404,-0.921271708041375,0.219866548128031,0.867307339264072,-0.041654220888401,1.02263389145415,-0.480908493428214,0.599764342242883,-1.00364252995667,0.343559779333247,0.128098352394923,-0.123239913077562,0.0344788265196867
0.866022518162926,0.97296823068876,0.715108982108693,-0.846212107125362,0.869650444232643,0.475591805120667,-0.288244506577513,0.339886322220547,0.626963511582006,0.607277139593526,1.284393014861,-0.641996029883507,0.977014265402713,0.267790458961406,-0.299233971520791,0.98888639050731,-0.513943539616188,0.283518490089232
-0.19056210352672,0.443407922946847,0.139677452293873,-0.303865228914667,1.53867982263291,1.13739059274122,0.309994093646739,-2.78220234009004,1.43466586837861,-0.47891028983282,1.36509431235381,0.0687188192840442,0.105400023375312,-0.758151491847358,0.723002767045757,1.20057839605799,-1.31669820967693,0.407444729001789
-1.53458200584967,-1.79046165343654,-2.66250360379859,-1.10568968671388,-2.79798214607872,-2.09759482861959,-0.730699777077852,-1.18045833814741,0.989275273015821,-2.06234013529431,-1.80919986038915,-1.46686602645942,-1.35305064272733,-1.51604819465148,-2.45480380740123,-2.74008592823071,-0.351369926921648,-0.40855570592607
-0.684040625675603,0.827050221087802,0.243896598834713,-0.788042961569894,-2.27641052720386,-2.03052629745801,-0.367298785416688,-1.26040293258753,0.19121806884466,0.237528219264583,-0.979979469757233,-1.50405304527323,-1.16493319609978,-0.588822306286058,-1.72317482561443,-0.329728903772928,-1.16875141655467,-0.950106269839291
1.24068204131989,0.927855168253515,-0.722300393659066,1.69239760131781,0.913572835635662,1.16814501618871,1.02960553801729,0.345804343639868,1.77446792149959,1.25476940402941,1.46404333417288,1.90122840941461,1.95782967521232,1.46657350422549,1.54216241067676,1.30746996293621,1.87975544171734,-0.177821479924009
0.0245931548447386,-0.391641545911512,-0.450461691724329,-0.979551406794812,-3.46976108045738,-0.96673320762292,-0.976370417905701,0.391975256331344,-2.03543326525541,-1.78258173364295,-0.959649360754069,-1.25780355465972,-0.607576744769821,-1.28431244858464,-1.91704919964271,-1.65058333637668,0.61369641607262,-2.07504618821737
2.90923592727598,1.57118476378957,3.45517584850302,0.0650723591569953,0.751517171086376,0.476875733113674,1.29310047025012,1.23346617414731,0.310146754404149,0.539343562409399,2.04709160040611,1.80441909686844,1.48672049323732,1.44599688873692,1.99440798878813,1.02740569517827,1.99017253107638,0.305708160497595
0.461436978500641,-0.560582395541186,-0.514837398663732,0.981093353376043,-0.164040930843285,-0.842444941332408,-1.63612027805611,-0.392811280903551,-0.828430145219293,1.48844098890452,0.521324730226611,-0.400554685892118,-0.414355136108024,0.78395034830475,-0.237325981686845,0.1024052220867,0.57439612901508,-1.27489088857816
-1.6577622500263,-2.55027782280137,-0.588296675648459,-2.40375164279447,-1.81059033644817,-1.7640373817789,-1.73261755063708,-0.0779673270978273,-0.782725037044868,-2.10546825188505,-2.26712457223275,-3.07944006587807,-2.48529578762645,-2.2692652414458,-1.71730833438415,-2.12873662443239,-1.31446445022578,-1.19072163253503
-0.0932926263919874,0.333234134427833,-0.0224434076621215,-2.03802591342427,-1.12291816773458,0.351597821689872,-0.877282283239005,-1.37135109617232,-1.05468508470857,-0.374221886009297,-2.20602002976773,-1.55393400516516,-0.701733911482191,-0.318267270664062,-1.60407499953977,0.0119193463307473,-0.712732072336209,-1.67965709612072
0.209893613824729,1.82427816557035,0.75973696367782,-0.641248988556252,-0.739946795120611,0.230670141942602,-0.0844255379817284,-0.629010079168513,0.0836881890195091,0.10891485523997,1.6832966599342,0.94472478411367,-0.670527617750296,0.101563179323958,1.03823779085028,0.809098547829488,-0.731817830453614,0.59007494461767
-0.961653171754044,-2.77175687376391,0.13741569142854,-0.657609889173238,-1.38970852451753,-0.873068502786716,-1.62917433726066,-0.0325286389636953,0.429749062185925,-0.846078650984074,-0.121371634383752,-2.18700711159333,-0.763741926547235,-1.80634207515603,-1.15464316657772,-1.09862674605785,-0.582772001148004,-0.999121247229422
-0.231581068699679,-0.418570932439879,0.162323871793675,-0.82729737007431,-0.248696456605941,0.1915838810674,1.00240451959038,-1.20438604888263,0.0329282783381883,-1.43679672655813,-1.52749651778472,-0.247148735535903,-0.738427894213129,0.398753112736597,-0.558951305927042,-1.2848783120076,0.681278669283634,0.0410898118622063
-0.558477204795371,0.723468451040789,0.0337270399318455,-1.70381286541569,0.995155067742093,0.127726068959321,-0.907658186600639,-2.73926153095107,-0.597870618837112,-1.0626678884465,-0.91572058523748,-1.05330714852094,-1.52810596473407,0.0515648512405951,-0.833889750111907,-1.17832309680205,0.985911564898362,-1.60427971966609
2.58091481950615,1.14824098990518,0.932660847245094,0.153754877749007,0.376069656405939,0.237407639025965,1.02020882315657,1.19991959096068,0.980978074130572,1.82575758886675,0.65043105620847,0.450000053653067,1.46634679224597,2.1862752965902,0.792650141357119,1.88170145343557,-0.273227093911944,1.04458847536807
1.07652301373609,0.845803948955559,-0.67605521056445,0.681558096334165,-2.17584554085564,-2.19821234834714,-2.17020703441762,1.05604716613823,-0.561385026718085,-0.744941690888241,-0.00470099600128699,-0.483405088678237,-1.15927989633684,-0.0719577810778285,-0.919681225160923,-1.32657760620622,0.74727836985503,-0.735641410286143
1.06892764320555,1.81273985025696,2.70088903471449,-0.557898283211646,0.0391755061465335,1.96297896275984,1.68541919689926,2.25927895275244,2.87220566290497,1.40680474735113,3.41563343294632,3.0880062325107,2.83449901131753,1.16532291191642,2.24289348132603,1.98429553017051,1.24793793679917,1.49098850542159
1.17197146531884,1.8962692582379,1.5377940212307,1.38528796820924,0.131235479813194,1.33345170641377,-1.01545419531856,-0.728588433804098,-0.190764054142408,1.30561827010394,1.66718966571249,0.803226784267928,1.63085312990807,0.987874786104333,0.333298617515459,1.40748632652293,-0.508256175989642,0.850956224024728
1.57125296487777,0.427173811883501,1.07081475434872,0.924883668457883,-0.411909577985842,-1.42132175072842,0.0211506123450288,-0.372850550804702,-0.988103222829733,0.738691194124502,-0.385487520747726,-1.46084693233754,-0.592637418115273,-1.05253096979691,0.0129756016786041,-0.372841804625301,0.398608671154207,-0.616129101147579
1.59116794134605,2.14386384683887,0.17198099577127,2.07015750114967,0.494907918748928,2.24715757947,1.84281762339028,1.64244906392217,2.7254693865248,2.27633552507033,2.27821883443169,1.786860550941,1.80736436659377,2.73765261993485,1.53100730694263,2.89138184405725,0.211901751124335,1.44037381515201
0.935231350495286,1.07852649141555,1.2637958466643,1.57004986168886,-0.297095239114335,-0.946534520788056,-1.06302664576319,-0.497439662220733,-0.501248341405217,-0.237613879471096,0.34018415508723,1.07602754321953,-0.810754374897603,-0.183502830848821,1.14380783786242,0.248983489825324,0.238635805832026,-0.293617647147535
-0.877611899133655,0.946617216281532,0.588364657238218,-0.834623723142251,-0.534077609725704,-1.65189605353887,-2.07315244118894,-1.17346736512855,-3.5762159697857,-1.12644444546746,-1.05545168115567,-1.97130603650665,-1.28266240961973,-1.07441545589735,-1.69423679100092,-0.883180746231685,-0.917385546183937,-1.51683888923246
-0.209123382750923,-0.180668836241065,-1.24559474267017,-1.66530709715765,-1.34886020354538,-2.14370252531286,-0.267328592656875,-2.18267119461234,0.690881855432535,-0.889431462375302,-1.52197007816022,-1.63969783802202,0.412092022006346,-0.979620008253565,-2.43799839694545,-1.63264863395357,-0.397129975887733,-0.288513680560221
-1.06213897232261,1.85368322166817,-1.00001350669395,0.16165829390807,0.185354076821686,-0.209304316235031,0.892153057187324,-0.752655028596301,0.340852780590845,0.158705225618956,-0.924855484056795,-0.159716489885868,0.725860275846187,-0.448743872627585,0.567231742683635,0.0363675988839885,-0.386149606680236,0.342955412449304
1.74566338063485,-0.0535767580620354,1.31261930593683,0.855942581625738,-0.598083005352507,-0.696476681338803,2.4298310826959,0.170890148279095,1.37896545317963,0.106044647088876,-1.19581032005389,0.794622565667775,-0.147607959667879,0.65306641019787,1.33240839089427,2.0497213873357,-0.354773615464429,-0.756333518097339
-0.758526135172778,-1.67611869698526,0.612252383443054,0.311005229210723,0.0194248258396413,-0.0635814567969427,-0.235619718779202,0.713132619534738,0.636813169542744,0.0670087728640427,-0.582524169203566,0.839405366202939,-1.00073094830485,0.0450448025493527,-0.218954790693947,-0.259950411732619,-1.12674449099798,1.33797667404868
1.18718022984261,1.22514436745952,-0.14502058021686,0.391583428944376,-0.0556712525344464,1.48102608330183,0.287811915906136,0.0872344893593026,0.234892885426648,0.921895620373124,2.49252850449448,0.132709854879363,1.24607296042175,0.692295924861812,0.469450732997183,0.933675521682869,0.534214975068035,0.0810866226752584
1.34653541075062,-0.0636596739582513,0.608150954785968,0.196588206651591,0.519471697176916,0.285332583009715,-0.074949631114353,1.65727349783259,-0.169092259395331,1.3968510839248,-0.310556036171596,-0.0586039155793038,-0.711725689116423,1.45833330479082,0.78658966029043,0.439153252656745,0.0644626428329461,0.87627134604484
0.501125015061355,0.15204502742809,0.0679605426680816,-1.25811199250649,0.116513486253903,0.452946915039088,0.862852417242997,1.55670135253128,0.599483675010136,0.133509549306344,1.31563547779974,0.0468242726863893,0.423310190186718,0.29265911459318,0.352890268859645,0.69819403017639,-0.828923967853862,1.12070041791756
0.472275796064699,-0.823978394775244,-0.622685413791091,-1.02411620630608,0.432805605969585,1.40348227745702,1.24191958416872,0.308864423654354,1.48803974961757,-0.539458399924596,0.102325764797375,0.898624279617626,0.962298713068567,-0.151930842777898,0.848365500129367,0.605201689905918,0.0346672530089047,0.575608335020679
0.729490447540899,0.737560035067247,0.468680595904661,0.797445647439515,0.0806548515980825,1.27266915687444,-0.400243650205113,0.528144159231962,-1.04407473429294,-0.620577463693266,1.9602316846653,-0.509268340878229,0.0552273646135801,0.299083334234911,0.285566498865232,-0.736238174283604,-0.453232461502161,2.08024904911955
-0.79477033428233,-1.85943558412769,-0.845664096141898,0.23106805310025,-0.949606930765474,-0.740205942956771,-1.06796345385835,-0.580224572034518,-1.55645909755435,-0.488942515900487,-0.442916046118902,-1.76258768809677,0.0838690841615016,-2.06978123591094,-0.279922448888484,-0.51759775576953,-1.75747102474495,0.186769775009984
-1.6086989620751,-0.000427626409520457,-0.580494866715962,-0.226818345051668,0.243725360337761,0.443190618735801,-0.696360953999588,-0.348643495836513,-1.57119392700168,-1.23650525558152,-1.33555944668826,-0.316254363797245,-0.266182898255974,-1.74417769175908,-0.74704316911264,-1.4451956902055,-0.315776519836374,0.339966404557426
-0.642924914973518,-1.74953355246217,-0.669277600372954,0.772646909536418,-0.450034039352753,-0.751263493672725,-1.57814423337901,-0.946077557180802,-0.389911118156949,-0.561281432838655,-1.52091712958047,-0.586758107189555,-0.465968641410494,-1.47192544460471,-0.655671262837653,-1.06241070952655,-0.574831785192611,-0.098073438623936
-0.618258194723278,-0.119934701107105,-0.0569720476852284,-0.0983970363812851,1.23094603432415,-0.00968757911276498,-0.956585779912393,-1.20500026850416,-2.78783987774817,-0.668547032536103,-0.361912280497961,-1.0769559144913,-0.696372737057525,-0.452088068213938,-0.0711591717627621,-0.213394794566912,-0.948445893355677,-0.171308797444249
-0.444051082108688,0.7173830450815,0.587270389524427,0.878990091963369,0.632156488256059,1.11002640517319,-1.19610185047069,-1.26510665021235,-0.711546679619986,0.504908797950777,0.679254229551933,-0.715492516120622,-0.850483992040035,0.262211618158274,1.35787292272878,0.281948803261635,0.524005570707602,-0.915588220252572
0.634368129446795,-0.0763033997922821,-0.130674494747159,-1.33698900527623,-1.82995716498301,-0.658977180962386,-1.47573489358023,-0.655286330218606,0.291364802106659,-0.0267433997069437,-1.06173839023178,-0.248764518267003,-0.871344046890271,0.255784911406808,-0.836822256184,-1.01353749998779,0.2417312927834,-0.261906619345285
1.94750833026618,1.31759585673204,1.65076861968278,0.10773880890701,0.666827868006678,-1.05849565098527,0.758792853395297,1.22941876422285,-1.25988845034589,0.0771879706693248,0.702251795686151,0.35048776528375,0.556434207189132,0.965401969162098,0.21127287275878,0.211077844424552,0.709317975337788,0.343387433811873
0.735772118979507,-0.357087957321784,2.84284396173234,2.05887697497353,1.18080033601458,1.13489382547317,1.43317617299233,-0.0775710019215174,0.654857081180274,1.00087532257894,1.61478299753,2.43658702086425,0.0735455666392105,2.26966628565529,2.75454535020784,1.53983086185636,-0.581274688733813,2.33943977372427
0.397671661041639,-1.18665912971405,-0.849637281781015,1.26170199140547,0.428042752911831,-0.554976865662217,-0.408154909952711,-2.06377103668187,-1.33036393087115,0.20132045161387,-0.519577929192255,-0.439389641050551,-0.47120106341597,0.219935520176565,-1.04038657879086,-0.00184844268371584,-0.450720017530202,-0.617223035557818
0.738646882200802,-0.48634933183672,-0.30321173800007,1.24676592523032,-1.11190931738795,-2.35426506478063,-2.65085499424343,1.78800359638781,0.462973420112707,0.896810318289152,-0.334770062460099,-2.17410033989796,0.74744600291741,-1.14607170518556,-1.14631528230688,-0.361416524993815,-0.390325224403707,-0.546782848011832
-0.110437567197112,1.48611179193338,1.6769181653284,0.397215946930147,-1.45031481866871,-1.225915723761,-0.925993448073421,1.14355249966045,0.603402633594136,-1.4044884689392,-0.192749310620478,-0.541346838415033,-0.350476914062564,-0.785131895218747,-0.564363183631572,-0.923532925154341,-0.221648938423113,0.754617161600902
0.178611550193078,-0.134418742743925,0.752682921241744,1.24487769265249,-1.07069074939589,0.325301651542975,-1.06751487229044,1.10572562427504,0.291543696742862,-1.03258441284044,1.50699648757843,0.753696640875541,-0.952205142296385,1.01867827932359,0.582941029887056,-0.615040502982135,1.20968606117943,-0.0750105851624135
0.560313792287393,0.379893548571806,0.597136508949877,-0.888395104669933,-1.42120410716576,-0.155257344626905,2.1600872683889,0.747478998766636,1.3199548672565,0.0215876749419353,-0.537977291887127,-0.835156630706006,0.391441127328926,0.291798921595912,-0.515655739920022,0.560212898638266,-0.510883254835729,0.203992036790462
-1.5629414138596,-0.555829579717092,-0.665092478149555,-0.552490587664672,1.0552091605278,-0.0459952719059286,-1.68394478535689,-0.341014503230585,-1.62844766365971,-0.862872650857661,-1.8477697486546,-0.554519631312428,-0.968067431703834,-0.246185854335239,-1.37466842472079,-1.34019301361028,0.440928154178702,-0.940450247675724
-0.770200445420551,-0.948956232187071,0.641956447268515,0.349718112931991,0.0267031739543323,0.184885354412632,-0.193623566512843,-0.555058984402665,-1.79210685646042,-0.683653915554343,-1.9230111083278,-1.4880298042027,0.255942778191706,-0.767133371646752,-1.99726894850058,-1.56319948051976,1.34186333491203,-1.71521871280574
-0.535658527487852,-0.664864998737791,-0.432649836336005,-0.497383892652338,0.158520186502292,-0.801775731731007,1.06951235750636,-0.786456350035756,-0.720798974545133,-0.790482075454123,-0.457829771153322,-0.00822024333575101,-1.39183331089994,0.677507909170247,-0.618800559508239,-0.730341557617213,-0.120908723065871,0.0686764734682244
-0.834301083404466,-2.29725950874743,0.430936970600217,-0.127229954672758,0.867347294780564,0.676505848568558,0.188651235948286,1.28279207518403,1.17038860794195,1.1421999078899,0.608275637789934,0.125490564554949,-1.05220717489103,0.16540319836063,0.826311583447654,0.255978509434454,0.65714690160173,-0.5601980675768
-1.83187682080191,-1.265596886683,-1.35283070091462,-0.0729557539728961,-1.33552610598001,-1.33730728773515,-1.12704779371074,-0.344495523929139,-0.567619233040323,-0.847272608455625,-1.8135879124551,-1.36102130444814,-0.996715619352409,-1.70825419423204,-1.110747633538,-1.6862917397085,-0.815947996504628,-0.255616674591111
-1.59752655443665,-0.107568492052093,-0.308635114990785,-0.171118568424551,-1.43064786328229,-1.27570625109563,0.134756710473552,-2.47625305409853,-0.235741571972751,-1.32101739551541,0.770355597148218,-1.09291920094377,-2.42739131808142,-0.4210375725857,-1.74395843464921,-1.58610956840682,-1.37443407227636,0.501990430255648
-0.186070895539303,-0.672147355205471,-1.58564150777615,0.526147153935473,1.3735426959663,1.12616329357747,1.61993397151965,-0.603986302886917,2.39578111462012,1.56926740478342,-0.0047290571259513,0.78792374278654,0.677323235874923,0.676746489429728,1.68041007461347,1.24809445755339,0.569207570178157,0.00652533535937666
0.555472294222113,1.65864538775495,1.73486613494739,-1.32271994843303,0.446046480672485,-0.00760832748834518,0.0722728886850638,-2.07118285380617,1.04500800611242,1.04089196732374,-0.199430972046952,0.878690172816163,0.0471274434775148,0.871384881048945,0.687878842297938,0.637930946667147,-1.1422780568673,1.48665600842498
0.131744714659535,-0.626882738511568,-0.449692371254699,0.0600718280238102,0.761035780643933,0.266464711763152,0.176611895315462,-1.15932124244549,-0.368468394059962,-0.291453527552241,-0.050127953039564,-0.735190544692934,-0.809950729990877,-0.504661117485896,1.1850074127222,0.438126885642265,-0.620051611558687,-0.308046782026843
-0.807612241189942,0.653282278636186,0.380215004586108,-1.51122637975973,-1.33759936007131,-0.567838876578943,0.624568412487614,0.434816405161611,0.540537723739266,-0.319589486767154,-0.981199261494355,-1.64746171711498,0.0030934559730356,-0.169553067003921,-1.14198825072728,-0.435914712336013,0.32768820067904,-1.17225449938914
-0.883552689388451,-0.150594513404141,1.05400532808942,-0.917976139012494,-1.55735241564344,-2.0874159757412,-0.104215668632643,-1.11405893882267,0.755450844652424,-0.901835635663182,-0.10970832251095,-0.795454871566949,-1.70329055635444,-1.41681834525271,-0.427609064270621,-2.06997149975158,1.66184934984485,-1.51989727448257
-1.1280767573904,0.215287083865373,0.472140611455333,-1.38934404821944,0.705129610401272,-1.03932811410771,-0.191401897793785,1.12038791665707,-1.03080940984765,-0.441042733908939,-1.31008037874025,-0.458438745293477,-0.444738523781319,-0.961425292091394,0.100427263638186,-1.20804074087204,1.70264378860947,-1.59536801690215
-0.19695376906913,0.700062071387412,0.29889040109805,0.950106628503137,-0.23548632907868,-0.0111039942138764,-0.611624652550021,0.00226905177532798,-1.24780089931979,-1.2158465974437,0.714606469801873,-0.939931956544118,0.10016252550036,-0.617937316406103,-0.0300074317629604,-0.335940066929029,-0.580622964080379,0.417902826849582
0.456436479743044,-0.373156991819921,0.334670078808591,1.00777699223639,0.698927467263252,0.216953520623463,2.0164312471486,-0.533996611101679,0.868360719413206,1.03702950718665,-0.317223575784917,1.1151222004406,0.0587230349747026,1.57324393054232,0.597233557536059,1.12535416430483,-0.186777604538721,0.473727965237014
-0.0677489987822461,0.334394014801043,-0.392158245076331,0.335457063659122,0.849238167372452,-0.933390315483561,0.357431019234022,0.134349820227541,0.894267136634478,-0.0344638080378716,-0.375375804780475,-0.175116002115351,0.0474085296672875,-0.877145720257255,0.323685148818493,0.488069147695322,-0.269999180207454,-0.507903416980527
-0.648579246539727,-0.818916750608676,-1.02753265794595,-1.04177624707312,-0.465662557714608,-1.20846476685826,0.219406159334735,0.133125754682281,-1.28629177520205,-1.56220570998059,-0.482264938766024,-0.50291238014979,-1.05312074805311,-0.9853023003301,-1.11916023683856,-1.46641097922791,1.36622389226104,-1.9846357647631
0.939999981677139,1.63672975085763,0.486786164586882,-0.953260406215819,1.38520251369928,0.75334343732382,0.709626568166718,1.09253623082372,0.99649604910869,1.65336314582391,0.279533703528619,1.25076504450901,1.04438438298471,1.16624767809504,1.95089067685092,1.51374995958033,-0.0976253561428371,1.33032303272964
-1.44174175197345,-0.272393399557535,-1.09634360048164,0.557188191061179,0.355110026794784,0.0560711824328654,-0.68623778732404,-0.569369789049884,-0.756737356704542,-1.17754569513817,-0.537312960368682,0.365885537757428,-1.32275774562324,-0.437273846492156,0.0249846814816958,-1.68219828384041,1.75617213302956,-1.1934414076551
2.26012619841156,0.603833094551498,0.359853109047802,0.939804098273223,1.11062011163495,2.80808229871709,0.955388126309875,1.73336480095932,1.98499013984307,0.674099740323262,3.14907761912867,2.83275209419583,1.77876808272529,2.53460465307648,2.02827121832204,2.36199227365803,0.924573653118165,1.28377441986312
-1.35733508490289,-1.3435956812688,-0.38928179995108,0.638219155333565,0.554903593728564,0.695446215717527,-1.20891177070677,-0.514607454607679,-1.2022681357183,-1.29598884681711,-0.804515453218638,0.0921115299837702,0.0692275466088804,-1.40060399246301,-0.981695744121138,-1.2468171127918,-1.24375716259057,1.33079608985345
0.973319564070664,0.679681561778163,2.02031054668505,1.61300853364319,0.552000534414806,-0.130347447730676,1.44704040122102,0.820887017962457,1.6244999952667,1.98347872624961,0.708487565631775,0.732244728236936,1.44690788763228,1.97839500389726,-0.0441060241133884,1.53035598332932,0.233842458033793,0.634638338203078
-1.53806347512787,-1.95013239246379,-1.37564064725875,-0.278500158021424,-0.682706260802817,-1.35315092453418,-1.28681437162333,-1.53719456532992,-0.638540648702504,-0.531162492198278,-1.71260872966794,-1.44998685341301,-0.722105118461482,-2.44756077020099,-0.744998049213406,-1.58343239461065,-0.223767101479347,-1.11766457296645
-0.479155038425828,0.893353582665365,0.797461623021434,0.846151922620014,-0.573775539690499,-0.787168673096223,0.458774068462853,-0.403994037385942,-1.18324212902933,0.546434839926621,-0.595986296361598,-0.886969003664383,-0.543767029420055,-0.446718440481949,-0.272520463866922,-0.681319054066857,1.32641030636982,-1.57051650113988
1.00690036679752,0.658653587194397,0.550608782478931,-0.385265410010625,1.03828873069929,1.22345664817724,0.553579707523042,0.805463748372779,-0.46428489180725,0.890458575527414,1.02846847481754,2.40138805068241,0.398905529538262,0.715608792935903,1.43542554573409,1.79810988034844,-0.288061834359979,0.666670231422639
0.446430465489908,-1.16256288860621,0.244603892593736,1.51721464027551,-0.327578876843782,-0.884595117371997,-1.33708432505788,-1.53437126471788,-1.22115417718913,0.487758931123647,0.204046971152759,-0.363333625569516,-0.592438629280462,0.0144630484813892,-0.553702046093573,-0.204344654710976,-0.869804374688001,0.141091470010271
0.0176044622770531,0.468031910338587,0.574630453742385,1.20037903808787,-0.684549230895375,-0.829981225397426,0.636227715131012,-0.968447878937501,1.51641134021662,0.484214740854061,0.459683173294695,0.261341822708747,0.154095529257025,-0.410751957523505,0.520962576521419,-0.408151784712334,0.693543229539982,0.246063394240393
0.204331627571955,0.736213309023399,0.574221110708837,-0.12423424574202,-0.00296921908651388,-0.124845399018002,0.29771987360484,-0.0853698426611273,-1.09528504179287,-0.765889599015387,-0.25182285445726,-0.011725628406355,-0.810809676756119,0.767839781105261,-1.22560222680062,-0.205791595629967,-0.811920107692625,0.767216021371468
-0.292615883298126,-1.34121864365746,-0.98159421501012,0.391294919772412,0.173741786801077,-0.139563168303896,-2.15173574690534,-0.335181771882771,1.57414200726791,-0.77432823336008,-0.725808550415894,-0.953135455481807,-0.792804585645843,-0.495850555302194,-1.01015397851821,-1.64772138068022,0.77138392954336,-0.280121194269649
-2.64082774471666,-1.14379782340591,-1.28473056512498,-1.05031493664023,-1.6318955670023,-1.51974709286773,-2.2008466491603,-0.102623165224619,-2.67926972757664,-2.58361488894238,-1.0123643713951,-2.27291516997962,-2.80225663264538,-1.98737799465211,-1.78769461240164,-2.20874295587697,-0.573394241384318,-1.88827907233705
0.953432240139238,-0.415190909239518,-0.491313936138087,-0.425715025540487,1.84681122215671,1.43889901385663,1.21816094765988,-0.359093838116872,-0.0182688273100549,1.03279189082022,1.8732293723335,0.81052814970091,1.47983305639918,0.231621398917328,0.68009942476684,1.2115798343493,0.404863558390115,-0.0831637704193772
-0.375433010138616,1.36307147209824,0.428538767281991,0.669931215439784,-0.512197920507246,0.355533259139023,-0.789216552644289,-0.12894906873752,1.69538909380346,-0.140063139021515,1.09526834129313,-0.541115287791907,0.136606168210368,0.880262243032088,0.183702193174036,0.91967954192697,-0.82750308033864,0.261060064079862
0.847683456931876,-0.569670409193591,-1.07386330754118,1.0150799865453,-0.661851356478483,-0.198867224633626,1.41182459353862,-0.40610983649844,1.49679638972243,-0.286392717320547,-0.507007403613493,1.63878098306685,-0.431552710198091,1.16782920186118,0.965939345599962,-0.0070753152713338,-0.0751746714019174,1.31479069996068
-0.692273109007892,-0.294599714250348,0.917727690054965,-1.18174216748241,0.310201151153644,-0.454474105836802,-0.0954927635377584,0.297289423954952,1.33623704791262,-0.988308828434479,-0.0256600838903921,-0.589345528373727,-0.121105745333445,0.410792216222173,-0.647978435355372,-0.245646294689253,-0.292869840456422,-0.0794055874329888
1.32786796037941,0.831876191437469,0.310316153944326,4.00492083745082,2.28228910009964,0.611095085633619,1.37554986377385,3.13452987372259,-0.752020819253664,1.7872092082032,0.564035122037441,0.994178495330474,1.75554897407067,1.07983495435335,1.63534086604213,1.67270873003918,-0.461515013707841,2.52545121216226
1.22894650724759,1.38158783920704,-0.105495042650245,-0.989629161006879,0.0830279712918335,0.692222588408627,1.03441818352476,0.727076771740146,0.531126102761266,0.756062475455646,1.28046909075655,-0.0999903321571667,1.30748219341347,0.991339004406408,-0.496640228472971,1.23656463667988,-0.50717491975531,0.505434695265631
-1.8297194707686,-0.996836292581258,-1.31665922796483,-1.92792931088065,0.844803485594529,-0.259345248066483,0.88968133598052,0.521088179835656,-1.31234721893111,-0.319219972193558,-0.467273745902559,-0.860821384761411,-1.11541042701188,-0.311695389434594,-1.22953168782459,0.522127037601971,-2.07011661410964,-0.216461366970205
0.942415203797085,0.0317170729812104,0.521437762750997,-0.906613935197968,-0.137721173998023,-1.20701857326079,-0.576078438356222,0.51678158252795,-1.66672783866617,-0.226200317173377,-0.188418864378824,1.24572102279936,0.540711312253282,-0.247421823472231,-0.683927823662115,0.269890800284361,0.261923530766567,-0.930998714225602
0.744826963360802,0.366724863791462,-1.64437238339452,0.992730192487623,0.0167934053871769,0.300225984406004,-1.84441084758307,-0.182102928485795,-1.04067222954792,0.033531648772542,-0.992714725508903,0.0420240132793722,-0.163621188534145,0.653676976838097,-0.796455668270758,-0.861897587013693,0.43091373551451,0.376500745581369
0.999117940140063,0.0694496492979337,0.683933948729964,0.07780881270339,0.910877986972265,-0.497022749913383,0.648586433873745,-1.29506548747454,1.28944419066579,1.81812898088186,0.550234461191801,0.060551448277952,0.618615407306129,-0.496340721078046,0.921710038264237,0.623067407727525,-0.828711100058757,1.24341577015035
-0.730262095812541,-2.37758419147429,-0.764715565625075,-0.785666190863958,-0.46254254518058,-0.102471911268698,-0.946326041595484,-1.20468961156781,-0.0726023384865673,0.83247810339873,-0.661338340007479,-0.56055808098264,-0.626458874796151,-1.06569062218421,-0.338771635470165,-1.20615702127308,-0.964497119948653,0.937345891711464
1.31118830212193,-0.0286414875047304,0.462466580507681,0.0500635402928352,-0.682517615957931,0.119244018611102,0.340486168452519,0.77391346335628,0.493141500074335,0.618798815204918,0.602425494491854,0.903670063456806,0.459616956885498,1.54005972785952,-0.490789668599413,0.349380236801439,0.490532765552869,0.233501059879311
1.72979324876245,1.18681328762212,0.443794069362571,0.80166161504212,1.75114688987051,1.51383289848552,0.77274116827619,1.98183142834029,0.253661662453576,0.645259387349341,0.789531583610808,2.86557743045893,1.22710749124691,2.35035920289096,1.85919474764828,1.05719397447673,1.28265555281218,1.54270319535138
-1.03238097344922,0.192521316307057,-1.47786031661484,0.653146773297411,-1.69019846213426,-0.569283794683438,0.290553911746943,-1.23929038945716,0.322100065630931,-0.299680278643725,0.190384042156555,-0.933624120634676,-1.16202192466917,-0.933774163420152,0.0119073158672083,-0.708070199193712,0.375463223603785,-1.15963147917849
1.01308074895221,-0.556684163674411,-0.577685424149261,-0.973018845211665,-0.783875659046376,0.752698154384819,-0.00982147399291913,0.734590057490355,-1.35584469444007,-0.533870637425538,0.885836100060011,-0.403712181201183,0.34912285063376,-0.344653341800186,-0.402706757025399,-1.00012330739379,0.864992812123444,0.0274895826147211
-0.447588764171186,0.385330152199962,-1.45297466466325,1.59399405376871,0.958749199123838,-0.442394589485472,-0.176687264918637,0.586289701341464,1.09672092417391,1.35583136765831,1.58175353214296,0.661494351344608,0.462702880848031,0.140283827059215,0.626467374717437,0.502222503729589,0.389601805509347,0.222115763117909
0.794673105400937,0.980007818603409,-0.257466279913199,-0.29665099782772,-0.484216519271323,-0.194489323521664,1.0051967901354,0.996142268747499,1.03384975197932,-0.0561540211462708,1.19124135289717,-0.459632727005699,0.314618491610866,1.41597400503094,-0.532421830650112,-0.473337479946831,0.79882696709607,0.73703274858359
-0.673512156820523,0.352351856611655,-0.0994410637621023,-1.62714501816394,0.439872131175825,-0.191946100925884,-1.66890570016648,-1.46579585149586,0.232278162278479,0.329265769066181,0.275054989378015,0.215011294256661,-1.57966869131976,-1.10298470185067,0.912267766107146,-1.24640836977752,0.288303054138541,0.328205273739106
-0.424191432543715,-0.0390416425691453,0.151985283218859,0.224220409164878,0.13991250499759,0.989679392179255,0.587505395053275,-0.369865419612729,0.371923313369462,0.587363047440779,-0.70589511026458,1.23247854512386,0.294386669841896,0.317222369843909,0.788012909326795,0.65081569210888,0.209523377371253,-0.01150301802764
-1.28397142781424,-0.118758952617502,-0.0379703474920512,1.37498486009831,-1.45777129497208,0.550369971990378,2.0316296438632,0.264438385853909,-0.779951015237686,1.0505520236964,-0.227715365611434,-0.876395171442994,-0.735107043356256,1.65657504482875,-0.194494892876888,0.942816882218687,-0.0712020880370587,-1.31720936201748
0.720152559240075,1.80691088523055,0.889459934617392,0.385377751941887,1.74317571103614,1.4492410424332,-1.7040320926984,-1.69886818590603,-1.16760551594793,0.0425146305967007,0.184722916310879,0.922062902506085,1.76127759486545,1.24580354349156,0.166954100989348,0.62281540975771,-0.0101793726075557,0.615534490366016
-0.389492156837488,0.794430619583824,1.09082529109154,-1.88206653437479,-0.602923561406397,0.762644161774144,-0.605273835128219,-0.554712699366203,0.33401586147806,0.789115835867287,-0.945013489906217,-0.244309778464118,-1.77557829543796,-0.553283985955679,1.11402753146843,0.501726502914234,-0.774398038987342,-0.208109768871749
-0.575895564815602,-0.602459409219899,0.645108413746505,-0.425778658374433,-1.25915413593284,0.376333162844168,-0.341159032964063,0.428453997671107,0.627002630935938,0.365571485730337,-1.15817304562846,-0.16486481731291,-0.285614169144151,-0.895174979364673,0.327266061788814,-0.198971205225555,-0.441542965275797,0.272442009819056
0.0529222681450984,0.555789735135926,-0.577565295451342,0.737848816282814,1.35377023424197,1.35322152597174,0.0397773811569003,1.64883144700497,-0.730399872864533,0.608816724784508,-0.0911563026162815,0.719205862320891,1.38860861597218,0.688325980037022,0.172571092266206,-0.0299799290385849,0.243969130001576,1.61252699367197
-2.96252078660761,-0.387077941872179,-2.22021573035473,-0.401812121854751,0.0583449982854374,-0.433250865073403,-0.345263697497061,0.0141735889722821,0.268370543463639,0.914211357934104,-0.181471583087996,-1.86068716605814,-1.89006142674133,-0.464669365631906,-0.162842528295682,0.776829553827065,-2.70733119960364,-0.12265049120424
-1.0183985793617,-0.146654882679785,-0.802926978061598,0.274261450166505,-0.217314744288739,1.16730370847313,1.32446891059304,-0.719238427484016,0.422985563064632,1.15588053237594,0.28948256674605,0.115585143971771,-0.99647874094397,0.483102748419024,1.27927588538492,0.518853906442362,-0.0498654376675026,0.0201009982386756
-0.235057230351191,-0.608190338384224,-0.213514732219959,-1.35482310209086,-0.705162164484573,-0.419186319530546,0.0896105319755033,-0.381964590103969,-0.407689563520507,-0.315475407406372,-0.760241716134555,0.239014025300236,-1.01749900073425,-0.257506736201171,0.0428345027486931,0.0783790296014185,-1.09043442365224,0.27150195589009
-0.265773109938146,0.350650813738858,1.30638504118693,-1.38651381467981,0.377669707611675,1.38339469359344,0.560540205029238,1.18716126207725,1.57768010314048,0.804098649036474,0.690915267410962,0.773554356450394,1.20676623509339,1.05262314280323,-0.154680782436254,0.448298551667701,-0.428717662481909,1.77616794887454
-0.759785650492066,-1.01258295319436,-1.07908649725012,-1.46876510670179,-2.24787878068294,-1.3164974671098,0.593412106256021,-0.491074610671645,-0.235698598424378,-0.522472910988479,-0.63165372007109,-1.12825911967921,-0.560422750435123,-1.1350066174077,-1.52210721861855,-1.74974530528026,0.95759419148469,-1.57720968721633
0.863773033487712,0.66109836053949,0.466483860120865,-0.675509063104587,-0.943520991619438,-1.20911140790899,1.28353624015673,1.31689443617315,1.35108583523997,1.42009219868237,0.966405532616804,0.817413746365156,0.134696845471619,0.573817369307042,1.04372980438213,1.24610909741086,-0.348585449193619,0.264368393884011
-0.437166905226928,0.798879872948823,0.632235249230832,0.228964795420284,0.0685330453336094,-0.7665365316703,-1.96839185152141,-1.48841268278527,-1.04654315769947,-0.468544141286985,-1.24859321084633,-1.47404745376316,-1.64425663004784,-1.718834365988,0.7300043005241,-1.22649121618123,-0.267239781990207,-0.0896837614493555
0.0137946143257908,0.0167315869765133,-0.243834862851139,0.912426770053624,-0.487667606666775,-0.0695182423542438,-1.31279678928202,0.474798275556963,-0.308419621504477,0.521122065288758,-0.468599687897753,-0.288819926038208,-0.00582342657736831,-0.51119919745639,-0.457147649250613,-1.18317452172083,0.916803325058192,-0.0020855584200753
-1.74007909967551,-1.37530629775052,-1.68620465109205,-1.12175558898804,1.49240815804436,-0.181443052934673,-1.61000026570995,-1.51427307077648,-1.87333689153845,-1.4435765614049,-1.16619288198944,-0.284572532268952,-0.810273938483754,-1.10525233215733,-0.469844640097969,-0.822159378025348,-0.941036242428954,-0.427080259462427
1.8123734215332,-0.410611948115993,0.754045435198458,0.0834416828445392,-0.365882475273016,1.14281082205506,2.20299761013142,-0.534186874664355,1.37938574701012,1.95229452592103,1.72325860535732,1.29907570110549,2.20351395658063,1.36561152037548,1.31931373577116,0.96490834215197,-0.14221282617702,2.16016658081318
0.653511290758082,-0.821912447761761,0.292934765015038,0.22944321366499,-0.0358910425222711,-0.234386536689985,-0.224243219504376,-1.64332140525056,-0.789809855812163,0.677092621497088,-1.48110345083381,-0.312417077095719,-0.0146227726567488,-0.326716738017802,-0.972333518639419,-0.6407093014358,-0.971189830439434,1.04003320885314
-0.296902093285544,-0.147212319229018,0.457874019072597,-1.43390843808619,-1.46130641387118,-1.22672431710755,0.676488833899067,0.245209019725499,0.129555200202623,-1.19568032913617,0.363611024671696,-0.805593775235545,-0.320561499851477,-1.24175800608771,-0.260853900885986,-1.07889726023872,0.898341850056018,-1.23734710841009
0.445495935819739,0.779311554111223,0.628816199050628,0.47600207135796,-0.209606790751266,0.616831370886356,-0.48713688654099,1.22329950191795,-1.32338869399014,0.711818813140537,-0.133168896055553,-0.0403015407078731,0.308426614780676,0.551395795173035,-0.133530025984526,0.212798770670351,1.57912999950597,-1.47080855593496
-0.326963282671218,-0.322247065979455,-1.22347279245851,-0.877403969415129,-0.564687031648757,0.0958739509558911,0.702989878624163,0.25823615270808,0.219244595061863,-1.42167995909588,-0.0444412167853248,0.260413519700695,0.188738675206374,-0.274391402108283,-0.949086714555659,-0.641132767923776,-0.523742818114286,0.635627094720245
-0.0648169392248083,1.3531022877284,-0.715610750125986,-0.305306244395299,-0.41076687511777,1.0638530215441,0.477857071483404,-0.151563116004281,0.729811495670168,1.31341415167491,0.956890246898653,0.460341334297297,-0.396517777156294,0.416269757920975,0.895497040600487,0.936622347774076,-0.0901436194115299,0.027340426714867
0.882740100166419,0.80518036997677,1.52277765180952,0.365736442489183,-0.0422419998989067,0.0880629774500467,1.25734473728708,1.38709171081745,0.737272241490511,1.43816599671676,0.553278493614201,0.746693223417466,0.62949208757676,1.24672937452052,1.81413036722428,1.11789216863548,0.278066529369542,0.788515341262029
-2.08452578347015,-1.77453354603024,-1.85170183173367,-0.878371031412891,-0.651372536244089,-2.32526884289227,-0.0816288596158805,-0.500710355892479,-0.702488490970714,-1.57772692035962,-2.11310502971052,-2.15956556899083,-2.08909927665335,-1.72634795849998,-1.27619060651781,-2.27271264915819,-0.564312936456833,-0.870863666765601
0.711094434178312,-0.928879517904249,-2.19608822199035,0.841022064379751,-0.993024081299388,-0.0434799697809815,-0.838626889787025,0.916710186579726,-0.994621121803208,0.210568327844063,0.0216495049143224,0.0306424985528836,-1.0531157816581,-0.726771376307937,0.458166720966164,-0.102770002584115,-0.361088483136546,0.0666323066404642
0.107196320228205,0.633226508496084,0.448078018088547,0.624593763075046,-0.838802787639511,-0.52560830155957,-0.706475013229406,1.15744383360106,-1.42185344282641,0.867137728979712,-0.121416577283804,-0.477594033327576,0.6924324560486,-0.286476387110281,-0.424507463027003,0.0762084262121838,-0.0293053199319069,-0.077601791304842
-1.39975192931606,-1.23354537815527,-2.15922335366607,-0.721168774591556,0.496282768252169,0.977274146678925,0.794148917061984,0.544742503402094,0.625538157757699,-0.906269301475707,-0.344642726594923,0.125531778046496,-0.0552245241370595,-0.73268165034504,-0.0261684833423751,0.199672785164359,-1.09525799747657,0.361510051488072
-1.01276534468842,-0.19595112736759,-0.138838340384548,-1.29762771117525,-0.165998073935533,-0.35624734809933,-0.817963862396668,-0.100406714641094,-1.72603317370194,-1.13129254200567,-0.720054170117394,-0.995641659801649,-1.60572664285839,-0.538918723603192,-0.961070707440905,-0.572008031359656,-0.235019489101874,-1.48756000753703
-1.31625247970092,-0.0451200872064568,-0.857718440227215,-0.711009133424828,-1.20649664145018,-0.112857541543157,-0.20646314790128,-0.807534326493554,-0.25249090795148,-0.214963286714393,0.173634482798242,-1.66271765765635,-0.488005092020496,-1.36249702544481,-1.21758279834459,-1.00688894793974,0.236174898076056,-1.26258353947461
0.0366142393657818,0.64552285656278,0.359480664980235,-0.252292421662029,-0.816377100577544,-0.771279696740383,-0.479658871205981,-0.988851940463918,0.142647314072929,0.0827248371907485,0.309192685640778,0.365083448881077,0.317175760732374,0.0936773347530486,-0.294966714721293,-0.295873764785021,-0.465351227668501,0.583381040020576
-0.28924539401757,-1.14734139638855,-1.0927802716477,1.09544887809141,1.21759783127195,-1.02523547089647,-0.374034940062504,-0.0297120105065392,0.304366406382091,0.143377270406675,1.07711768407598,-0.40350768759191,0.144882545399715,-0.169064287786772,-0.541246990495273,0.205129289157479,-0.100963279378813,-0.634039959706839
0.668721660453863,0.91047178098036,-0.123073001276532,-0.760295088083403,-1.39752206339868,0.0634480870807893,0.192483987000204,1.3170620812195,-0.502162159387684,0.210978227778423,0.21500094317444,-0.208735692724176,-0.215133028923764,-0.558072434344856,0.496146104879073,0.60808670607947,0.213462413009944,-0.959512255090235
1.43917092429373,-0.664915466895783,-0.22929583507624,-0.288940322176336,0.250601818549942,0.132618326401209,-0.388940486156926,-1.29215660288742,0.974856867490133,0.70828047716158,1.49828617457933,-0.155517213209503,-1.01465168913177,-0.284710987279641,1.26822325469662,-1.00564150674539,2.03122731479318,-0.435348415067164
0.827413584653344,-0.0228224457419599,0.0221639143214878,-0.623930379250537,2.11756165537975,1.52690523557769,0.425273205921718,0.170097640481036,0.915531164924694,2.12248099847909,1.13963010612815,1.5873430201933,0.955410195073811,0.860615781964219,1.05627362239212,1.66276865844414,-0.0692133952328422,0.869166336646763
0.646223882359782,1.23740782498962,0.0163098063136982,-1.44109702877632,-0.288462001020968,0.694911898081518,0.92987122346986,0.590615696704679,-0.547706715512387,0.659476290671561,0.429781640942867,0.915728826145637,-0.186401617170043,-0.151463909719988,1.78848403376554,-0.884084547964444,2.09329198586433,0.0560399558485484
1.06755997160998,0.0937105880541249,0.841962068453545,0.605299177156269,-0.0560974569186191,-0.750779525789367,-0.327358027606215,-1.46166226255015,-1.27897799766393,-0.472304542334704,-0.751594809100861,-1.08713891925938,-0.20242535348446,0.0132414382554591,-0.958419400065355,-0.684169611063207,0.327367118327928,-0.6104245540391
-1.35835707560258,-0.754872881732969,-1.09774017343514,0.83496828774317,-0.588781642217752,0.279747275517097,2.13062683406984,-1.21217116167808,-0.454933081678818,-0.523589274867697,1.48070979386996,-1.74140266252858,-1.37604857220804,-0.621084699540207,-0.177513982888725,-0.723156257571775,-0.771932238690505,0.444765555849188
0.609484632827681,0.867215918112695,-0.0739392524730959,-0.130765164285706,1.27522107538637,0.7264700664369,1.34983222093526,1.04042732716912,0.463509591625439,0.425835669286821,0.973439328740624,2.12728625523375,1.54595540997281,0.503715168564579,0.948155581033666,0.355915922721302,1.75732485862889,0.193426600799468
-0.800188758201169,0.515694370206964,-0.184696345984323,0.460627261839035,-0.710039158045636,0.459963345050859,-0.213048105061383,-0.284322190186854,0.37073175206003,-0.425082481462741,-0.771495341275503,-0.0769740608042884,-1.37332766824138,-1.19737917871058,1.84662535305031,-0.226172496885753,1.16721095768833,-1.44354260871728
-0.730652454250505,0.413727627251287,0.233333292255906,1.31752932121834,0.264663127076654,0.0290107417991487,-0.579420670937984,0.936970747066993,1.03947853257056,0.840726758057024,-0.291343750408631,-0.216274922069332,-0.336661408418371,0.926607152298944,0.13076617277273,-0.424614543856649,0.541265703214968,0.584175643157584
-3.80463515255969,-2.65988279347347,-3.05273639496283,0.169348342521442,-1.63707638714643,-0.772129912501703,-2.04459230645242,0.265165153835837,-0.0642923098092137,-0.715342284189901,-2.12713859787831,-1.79316921016172,-2.58157302876724,-0.960307558865857,-1.192111220762,-2.20320347495637,0.304399798908969,-1.93718959613425
-1.27257260355169,0.90358861797881,0.691217165492061,-1.46020162761896,0.198294440243935,-0.258085863875261,0.142394082264559,1.98910953283537,-0.615423957563004,-1.08013008234094,-0.00806140772198898,1.16691094506704,-0.313783169472675,-1.26970513719614,0.807099980425361,-0.403425443869592,-0.217057040636922,0.861445874392852
-0.27178530274153,0.807376110230046,0.546897050138906,-1.02515900040461,-0.348003586087216,-0.606180348677264,1.17412463799376,-2.2739277839028,-1.41045131768501,-0.549204789855294,0.596212767849791,-0.573075340398346,-0.577520305378967,0.528416777745316,-1.18289178526191,-1.13810017433315,-0.175469074090592,0.40572545203468
-0.843956883582056,-0.626000714498938,0.457324328412948,-3.19042689372415,-1.52414152423629,-0.435715775856128,0.259737533051045,-1.65587695207861,-0.797983343052695,-0.977196055124663,-0.643116181743468,-2.49526359181049,-0.607714785018959,-1.72545411259557,-1.7438647847787,-1.40694339686651,0.0539123080180182,-1.91457719347322
1.87648004356827,1.78381967683635,2.40683748420023,-0.566574721142726,0.667987426091674,0.37741849390684,-0.303097476742392,1.17051442320007,-0.884771481309164,0.70111655636704,0.350949434214238,0.515116912856056,1.34710370628703,1.68900657519543,-0.315379718722583,0.951868045046613,-0.231431688238746,0.957239215046496
0.621712711723274,0.304989168323082,0.181790845841156,-1.27509997358189,-0.313313254010002,-0.252446563050614,1.31094813705716,0.394684010246152,0.763156583851379,-0.316320236393518,0.560103925017512,0.783909726349194,0.758765890911711,0.144088257080537,0.766584565851905,0.00165420280550253,-1.0248934009789,2.24156029822493
-0.654740952877139,-0.625048097793613,-0.52920093778355,0.0350754915672577,1.13774996821918,0.719530295423522,0.585771415632131,1.32350682425066,0.195451877592875,0.861200422277211,-0.992866255152459,0.76939728112269,1.20700383030086,-0.246183006672852,0.160333072333554,0.794322069341902,-0.25616268280505,0.228341142586862
-0.567191775513754,1.29743561567847,-0.808291072948803,-0.733606792969191,1.23839880927548,2.10412836114763,0.194659625430914,1.53538033331044,-0.309427582062709,0.896789464318168,0.80844167202314,0.778919812593394,1.07905607426996,1.05724240782472,1.0420523105605,1.35049251653546,-0.310172058150703,0.8291288972468
-0.497386964829398,0.816308044799735,-1.14808017976224,0.601019096650898,-0.423337896753634,-0.401490681405064,-1.09568108373008,-0.530619633444552,0.233787111035189,-0.55500967371851,-1.53823096353859,-0.434511517319296,-0.50310837326033,0.41590708541336,-1.19062468091658,-0.398540930183692,0.604540320849284,-1.30136558939905
