"Fitness"
9588.57842550535
