"y1","y2","y3","y4","y5","y6","y7","y8","y9","y10","y11","y12","y13","y14","y15","y16","y17","y18"
-0.182372139296608,1.16538340202572,-0.110161539826036,0.897338520826509,0.306688508219869,-0.664696816601141,0.887953198018855,0.0595931373754236,0.0517792900319322,-0.233326724464489,0.0695838013990276,0.0183350899484665,-0.675583514539668,0.526630352967152,-1.05357689717261,-0.586795772313717,-1.74804201827856,-0.0371352756459189
-0.61359449253949,0.750237037475158,0.428100989104387,-0.0623262921921009,-0.527506844686007,0.809165400134187,-1.47148535140605,0.447346625806962,-0.324013781981322,1.02341330940946,0.158622372862388,0.422914691510006,0.637386293498026,0.488070538894232,1.03928734878694,0.197724894691516,0.513941857680581,2.15015132756216
-0.07454172494506,-0.201554465716775,1.99400979750566,0.646488971327118,-0.0240044711750051,0.946205311075547,0.618648289139024,-1.3841980597182,0.212451270942302,0.083825788259829,-0.694419970957205,-0.645943730567469,0.375737876659925,0.571203132129405,-0.126554824396888,0.560642038798891,0.419077033633597,-1.08379329898159
-0.56906930303696,1.22389888558635,1.23345084322074,1.29844206318468,0.160083845757764,-1.89679783669986,-1.22701063852351,-1.16806038065305,0.475083341078923,1.38235376223939,1.99433234544186,1.19965017533674,0.538689291025012,0.0346279119329774,-0.555967697967735,-2.45239940513472,0.028707263612633,-0.768293708382705
-0.170794099321039,-1.10978804124776,-1.2966985296766,0.172413505591335,-0.28793031458602,0.875165807271298,0.156684083572443,-0.403401125071586,-0.550756098024635,-1.24426259003598,-1.83418380585272,-0.940071418131581,0.695845049750423,-0.476946104999544,0.0961232863003188,0.203331026598449,0.304977523740428,-0.341922032555728
0.095832805852525,-0.0140485461177127,0.942061939200611,0.464256054152077,-3.21887686790388,-0.493281781764232,-0.792628627332871,-0.687888957366453,-0.632326187295133,-0.481513627013936,-1.41585630764936,-0.336405650632302,-1.9147439410324,0.140379607545315,0.455372754339676,-0.202614446347261,0.235980594095193,-1.07539506103396
-0.201117174398805,0.883751519350837,-0.28939278331903,-0.289590110149955,-1.05041217945616,-1.88307091385023,-0.358688525075515,0.770563920694693,-1.16428376874799,-0.911349049195943,0.0803899366168012,0.743824026073575,-0.517385636978397,-0.618822074254022,0.359515975223847,-1.64303903686395,-1.15067681261107,0.543722627053846
0.235337797330541,0.299323151125143,-0.475747680932754,0.454817444023504,2.03080826468108,0.707901356678,-0.366001116404297,-0.187560997374186,0.263405337447109,0.14650309404659,1.48426341153955,-0.459255772366367,-0.151330723292683,-1.0008881993497,-1.16457426479158,0.607954974900933,-0.670474191931417,1.92139840418665
-0.465023062132619,-0.828139252372892,-0.213753684774066,0.494016728364873,-0.911341224990504,-0.527900608740409,0.682680577571197,0.118822355353577,1.37354564262045,1.53900132994228,0.0247244400833392,0.437489609678544,0.977969448665382,0.684071162033736,0.111734550260406,0.00962376809020208,-0.644088548981446,0.373649059495017
-0.951900661347055,-0.128186200878612,0.23218115381554,1.75864672522562,-2.25945417632406,-0.344042140295164,-1.44623817470725,-0.230258093057383,-1.49894078251939,-0.80994668678568,-0.833060347776429,-0.659552176369119,0.0983047980938788,1.24906254324978,-0.0762024304593194,-0.77459209994897,-0.36292902314108,0.635127147638085
-0.382592275673791,1.35582501848037,0.914320877481418,1.80944399516184,1.56355156098261,0.917117045720415,1.14846244081688,0.499460935671852,1.70741509311863,0.150129860154059,1.55034563314987,-1.12342269021869,2.25620725188403,2.61282068953101,1.39102520982853,-0.287124050029895,2.29349352261793,0.172669248994477
0.30645773590465,-2.19881236181465,-0.121418056969879,0.0495080212204363,-0.346118943664907,0.750848754101794,0.0663124422166756,-0.909191874799278,-2.22115456656246,-1.22514952239587,0.0082712340241371,-1.56119152232587,-0.913674410332361,-0.692145677774373,0.0983065211344308,-0.206985457658499,-1.69258905255655,-0.0607743914812962
-0.0776604038465406,-0.0784207854305208,1.07576991826912,0.985442991474262,1.62724682600898,-1.17889050069472,-1.38000875558537,-0.521607630839013,0.73765405529891,-0.100989657911588,-0.130494892224671,-0.322543565132934,1.82259526399863,1.9866749816213,0.86132096967701,-0.151339904525463,0.278370967337602,-0.491401087017332
1.12439037236179,-0.190890616045845,0.217979769799023,0.248329599088218,-0.0387890456361096,-0.308591116017002,1.33586725889216,1.27108369759421,0.553216579791559,-0.327347234490586,0.420903110929556,-0.494924027649449,0.699816716046788,1.2745272502742,-0.67853165497056,1.57480557352498,-0.358208884969406,0.443655490173742
0.439526150483103,0.647300502985285,2.86956291502155,-0.171134532301187,0.461499756924747,0.290461484111558,-0.668017323641238,-0.650782421219642,-0.624176261165035,0.587063845517021,0.905618873461784,0.921803340120059,1.81263025864741,1.00832187120311,-0.371597916855135,0.476017554088499,-0.489569275563081,0.669262896623636
0.588870643546619,0.740595646690913,0.231362062434629,-0.297888352411735,0.0373861826324078,0.958281402988333,-0.87073080969388,-1.07052862572928,0.169709209525363,-0.233026367099607,-0.913462202142386,0.95524750151993,-1.52570973085259,-0.801503812051643,-0.829862054305695,-0.365420876889214,-0.000883846959325973,-0.263237838912858
-0.531299130374846,0.292152404312981,-0.991112149109781,0.218673811554912,-0.445298238186339,-0.624261399787171,0.610776992910362,-0.339872402893464,-0.373064307455232,-0.580913299045761,0.261178372022038,-0.381252073429319,0.099705939578645,0.0662137126247287,0.165917999678403,-0.683499652462805,-0.564094847001862,-0.284010775698034
-0.548628119473314,1.24385091767667,-1.61392477839868,-1.26245733072583,-0.274472044564354,-1.52269982565974,0.386469331593475,-0.735202090365245,-1.59924070090889,-0.562020413102111,-0.235981856996934,0.517063438351388,-0.515333703245416,-1.14519319912321,-0.222992395867573,-0.543808746667412,1.22359127379933,-1.3764367528613
0.476874738563226,1.7023936262731,0.516509722141112,-0.258351949807435,1.90044152758499,0.0354621556482889,-1.01248001802432,0.751616764826353,-0.653834293248606,0.368931967370218,0.33895226652419,0.204862054506001,0.183449069251829,0.00873992436790372,0.0479292031248354,1.05258593253046,-0.386330613830038,-0.027727387057957
0.295086197606099,0.211124144525378,-0.396615045765163,1.55908350214555,0.976082403462559,-0.0528078185307518,-0.0721041681992969,-1.02177578908281,1.80548242223072,1.2074048539834,-0.560851289494784,0.48709354632708,1.61478318179346,0.446948932086582,0.6011141668335,1.18063024712324,-2.43646146228299,1.26152499874656
-0.625303719239827,-0.989372024197686,-0.465532904304417,-0.489810353636884,-0.262787096494595,-0.949956965903783,-0.348482637769578,-0.748468454794828,0.7283857355326,-0.234893222431502,-1.10158197452847,-0.911064191187621,0.236801452784279,-2.10526864182262,0.102083808646215,0.969116263491535,-0.722925318979784,0.422749978423966
0.886028594759045,0.409524695113923,-0.807031677514256,0.884073395829579,-0.532829006734078,-0.494319549784777,-0.08243357205057,0.137890048901555,0.329691173168977,0.0468390490469634,1.25767346177777,0.647819333995686,0.70360493627592,0.299806269581211,1.00450347452951,0.090428954217848,0.12802938765106,0.239222938556694
0.556427223829694,1.94600962668805,1.08664411340555,-0.853653871460364,0.112338762969803,0.292323272699558,0.76988335633137,0.5913361907386,0.520361458006153,1.72316613377487,1.37279066782403,0.588224161471627,1.40117485320315,0.611325641471508,0.379691585993498,0.151188644514625,-0.877258864276722,0.0842241372247945
-0.2001814831314,0.694844582301764,1.16750134510622,-0.420120696946801,0.797979462020362,1.24316061823214,-0.723388701149247,0.403270060588066,-2.22475225761927,-0.917785456253124,-0.643665684883456,-0.0556158240013573,-0.616024883668458,-0.0835659157074584,0.338189414647328,-0.601094554129946,1.23002103463437,-0.409323784064896
1.17133214740086,-0.67700270211996,-0.104640448990986,-0.473304111895356,0.451178943659247,-0.344106109696377,-0.52357677651058,0.853945239379095,-1.60905190995155,-0.187418287638228,0.228826432643353,-0.97202484002134,-0.288850815778322,1.63398687332477,0.341486831269056,1.56493179265226,-0.359322823792597,0.841527342447785
-1.56303243819339,-1.92006710988885,-1.43766217703428,-2.02750285133359,0.52551238712051,0.453853124761114,0.83198821257696,-1.18172243895666,-2.43474013081854,-1.1558058344822,-0.20470996864498,-0.420938040063998,0.533379183969174,0.592806633583122,0.359002695658463,-0.971812588577696,1.57611938057634,0.102780134872464
1.9104316047041,0.246114015826584,-0.178916925212404,-0.0786824313092998,1.35648195346496,-0.934107244534475,1.33117470966768,0.445118860215674,0.80735485107402,0.337850012919471,0.912806327632327,0.14719774051577,0.887070027082424,1.16067808187516,1.4695033820445,0.190952045618778,-0.322652153948447,0.439425865575217
1.31115515930867,0.942443587339584,-0.373935420036676,0.364155843117379,-0.832830390903795,0.94318063501012,0.967161268539591,0.28386250908442,0.0770583900311514,0.0738455251790469,-1.41634303144436,-1.27453051939015,1.15037387410921,0.471280231097312,0.27721664980924,0.944071460119365,0.100464804473885,0.814660897776838
-0.75237812938966,-0.5016468570015,0.260328502412927,-0.410152048969321,0.600117708160391,1.22269476371834,0.355148754567408,1.86262915518847,0.197878774006915,-1.10086325566315,-1.53847764585545,-0.407000094162429,1.82862875097372,0.339702354233315,-1.15217968004988,0.0736123489199659,0.293176477545132,1.1991944953849
0.7611927617901,1.59411598331845,1.21197582564406,1.14319966691996,-1.44238219201413,-1.02796780401551,0.0759629260369431,1.02993639457824,-1.67183891023175,0.211314964281785,0.339560784750497,1.12927373516451,-0.130998283998813,0.838464302030534,0.526410936246623,-0.367918171250956,-0.738588079340474,0.29528403284405
0.0734648074122026,-1.04393707177254,0.3990438409848,-0.352049213020228,-2.26549156982548,1.10376375326252,0.864284788719965,-0.257815913217054,-1.64631614615186,0.529512673180325,-1.21136356133056,-0.101967666227862,-0.00178761002915523,1.33944825976664,0.19085763420058,1.57886940057054,-0.467797494482093,-0.277399919273892
-0.415128373618692,0.265047569342369,-0.687390732917356,0.327380402563451,-2.40886721513855,0.144408921377484,-1.40890641824676,-0.269722037042115,-0.459439591565295,-0.360551094893149,-0.211262882596793,-0.385065895082649,-0.155804022561512,-0.449732707128189,-0.423685987181882,-1.07882951571327,-0.643445303687834,-0.429085062547991
-0.570903532509306,0.60512151863835,-1.51269667002385,-0.419687943734716,0.476082199774469,-1.06933647760564,0.239407752488434,0.47862101781114,-0.777516354689768,-0.0869517630562816,-1.09382464445783,-0.648915384443807,0.378336277657804,-0.991127678186784,0.290070926156716,0.744001099736535,-0.425114337498533,0.729662762578092
-1.75775287969548,-0.249139433247087,-0.827128131526249,-0.0469400410429059,-0.122923404280624,-1.92515679356163,-0.927320434530915,-1.19754013033589,-0.081838884677597,-0.430690501587195,0.136794998427605,0.474161318727746,-1.75796112062284,-1.10646745955562,-0.818535650622475,-0.794024014923881,0.644046693459957,-0.582018161609484
1.22185404680301,0.140568089854699,-0.234940041701302,0.147242719841786,0.577508382343834,1.35028786326657,1.89947255209261,1.73658467829956,0.44933325030551,1.26392821880215,0.828070325018886,1.6100249324611,0.387212850705184,0.700173593608853,1.65431519253851,0.230378932077221,1.00905347377481,-0.0636298099840204
-1.09792814061989,0.598899839271756,-0.375747469668807,1.04749247318929,-0.200049992117606,-0.736141376989777,0.0995634651052835,-1.03443862639982,-1.0828978215148,0.614023598765527,0.137701912144224,0.822524780272251,1.93546798417631,1.25311922994262,1.56130060533962,0.503083159786361,-0.386626433684564,1.08219011759164
-0.217788437478204,1.31301075164336,1.05628835246107,-0.435956414785843,-1.02293691347213,0.213069837217386,0.603667694683187,-0.257220485291727,0.656278517754126,-0.493315444519936,0.163771612356141,0.655313373825839,-0.0124154179320118,1.3333244001674,-0.373214240347511,0.83277861996112,-0.845540715565518,-0.36465486084774
-1.04944507685227,-1.39472466285913,-1.32390965542492,-1.27172262813868,-0.253135310608641,0.105053686012206,-1.97305411373044,-0.649462169517608,-1.70473334750977,0.116747288050947,-0.139162189369045,-0.171502283033428,1.30098071634911,-0.0741894924791271,1.61728405058908,2.30167911581339,-3.10284142957267,3.25592063921417
1.46807804553605,0.24509613948405,-0.356867426149075,1.37133985463556,0.422929000209641,0.718684257874822,-0.590896417487002,0.851539762362471,0.862626433244404,-0.624045037303839,0.645267408984474,0.953862662214645,0.246948055159689,1.38352789062847,2.47210665166533,0.0738356120578351,-0.26491575946927,0.938911407754677
0.168354899743147,-1.41521418229669,-1.23895707912577,0.463013723713009,-1.03588913677869,-0.46647517809193,-1.41987055579381,-1.12594810584844,-0.923927680938662,0.302420640333028,0.0567754485017412,0.886287018885355,-0.0722559350949447,-0.714044308693147,-0.915257763344028,1.35600272434188,-1.54185542668323,0.222780482339916
-1.05596172345885,-0.58601109818443,0.0905572228018291,0.0874516491889977,-0.872423237858738,-0.737171583431768,-0.956258131512615,-0.395149354571715,-1.86469264537115,-0.388837305952722,-1.3145113297122,-0.82346543683979,-0.753536610412161,-0.0814708036181317,-0.0364954701348202,-0.956136285712561,1.96067064881542,-0.880233316346816
-0.193913750511106,-1.10922325581775,-2.04916615479991,1.63487024728187,0.15379792403483,-0.761430786698083,-0.301866377885454,-0.764074506136131,-0.312254739750158,-0.715210856806885,0.589341651109501,0.455134462032903,-1.62784899190596,-1.13518781955638,-0.583079820462152,-0.47030044402361,-0.247671135452132,-0.304797156965139
1.99773892968008,0.980541959416417,1.91066303595263,1.53724258895352,0.0200390283170762,-0.681364422748277,0.759494632094003,0.633650905126558,-0.556111080767729,0.597634764353207,-0.798031415342616,0.250422557445034,-0.881385949055272,-1.36259191722233,-0.429376685548038,-0.0452695895256309,0.806079370048388,-0.658121851167578
0.2574366041983,0.338511356242605,-0.412350413083028,0.438629456235759,-0.971405821486586,0.00491349376577055,-0.62100703454542,-0.086729349696033,0.137846366355097,-0.654261143791767,0.425644901899776,-0.544897029586199,-0.104187688452084,0.533002484990471,0.127282219060506,-0.218073616308822,-1.53478247267368,-0.0779759565039608
0.650835876477145,-0.934943752304104,-0.142189291827941,-1.84570684115555,0.636865335432379,-0.127697302174613,1.09045418457871,-0.397736276291483,0.455378013212338,0.671136676066572,-0.437189819284332,0.0473761462315985,1.485995670008,0.0772712784454463,-0.128871157781708,-0.284121287671544,-1.52411881846786,0.898783451682779
-0.574057594255866,-0.840597095627962,-0.14183459051008,-1.34742274135282,1.56297941270138,-0.383252352939024,-0.638796234001374,-1.13973675142001,1.02271181163564,-0.643011371281175,0.143374188849135,0.872148254978138,-0.0626733158118573,0.452715818594473,1.56113493206123,1.10834760110397,-1.02458491603402,0.573592286762166
-0.670919739281496,-0.0954725804046292,-1.02640750660222,-0.748101311658151,-0.602027531151055,-1.44841953979945,0.20225968884588,-2.0492637482568,-1.60219812375191,0.512172304805788,-1.32252744239733,0.0452390925189946,0.954107760798772,2.11301735277335,-0.0419280124543909,-0.371895751015567,-1.60039406971639,1.24541368063306
0.144906170064416,0.82306095310003,-0.0751571330018371,0.486153348337795,0.586867379304582,1.13048026311055,0.734658312796818,-1.58782956815884,1.10756210038284,-0.155842169127781,0.0345588470190082,-1.4453628808917,-0.717905951724732,-0.700097963420832,-1.96629542803541,-0.967798263650443,1.31114336344587,-1.70347540812737
0.628233791733863,-0.51868823249272,0.909078145761157,1.0293208000304,0.0674873249018185,0.012567530858313,0.203805641769675,-0.141835277874242,0.562360121854141,-0.245870923452589,-0.530267859928352,0.396952130183541,0.18201037266783,-0.353362679416294,0.000122055156183912,0.968244889282159,-2.04114717875261,1.04290896588665
-1.21705287518491,-0.917328644936292,-2.14387687519102,0.766703319434302,0.690152100121672,-2.12078626814126,-0.917746493037848,-1.12231316065198,0.183356011925921,-1.24012917699067,0.258434849536386,-1.96569986006477,-1.18933440441104,-0.859837467162875,-0.676180807019952,-0.242395315851265,-0.316551862053503,0.87991365489037
0.382854045502499,1.3488279015661,-0.0910774117405332,2.34946131340083,0.443570457294963,-1.09406996315875,-0.133717636395864,-0.60721652011877,-0.782551614857778,0.419905118669801,-0.155312457885307,0.667731612314543,-0.0563987724276137,0.632323515853661,-1.0685977109959,0.466361563178959,-0.122407390881466,0.195447932379959
-1.45975364934484,-0.535379855706392,-0.844314959661413,0.865807224690933,-0.148235687405119,0.221980454726247,-0.119145542044096,0.975268112946911,-0.155411806843692,0.89567296568133,1.37043018252121,0.51798371786674,1.59343456759494,2.25229418880576,2.50237665153009,0.341831077210827,1.11225479150995,0.144246642323969
0.604134742274909,0.492894555512815,-0.168113990739781,0.261879721469387,0.349667349898299,0.600760965616352,0.987242538506603,-0.288335547339026,0.883424677501009,0.117914451288607,0.131447588472802,-0.238825665395771,-0.326373529624924,-1.18056934275658,-0.407076199142,1.6520712351734,-1.4559988796174,1.34647153941959
0.515280914077891,1.42207886372447,1.28240090131284,-0.317035139941983,0.965274811384819,0.950094695221969,1.45296813598862,1.06965443347783,2.12778022058729,0.937338700923298,1.1378085450276,2.27579411556502,2.71309239472971,1.92754966885087,1.93575080211839,1.35009136012742,2.08149559164577,1.19207788743311
-0.0611169109944849,0.717754718350759,-0.425180766533316,-0.24695432735584,0.525546953388468,-0.289204460918605,-0.195744801976909,1.74997327585422,-0.669604271290815,-1.69327697747633,1.98888324088487,-0.221191846044103,-0.736239072139337,-1.90446707781886,0.0619056379073702,-1.80326210492171,0.696784756049969,-0.178359075956049
-0.527168040382692,0.862374471082971,-0.80555440767129,0.628657308295567,-0.495248932882226,-1.70188945042709,0.541457978352343,-0.252552983821889,-0.6651592954049,-0.358243878233856,-0.396375333387567,-0.411982832435344,-1.49806440611926,-0.645916901949367,0.0421488698083202,-0.20619583504721,0.909964588740849,0.218892808510145
0.309277837369587,1.13885216928039,-0.638773096359,-0.482831307627541,0.204996154539549,0.632313635150802,1.83521430085277,-0.933035055879615,1.25346450635203,-0.291527700697003,0.947420082721638,0.380649481148711,0.477405523575504,0.717878523374178,1.03289940154258,1.0571353744417,-1.68154044310687,0.719679314657224
-1.02239497120426,-0.145500857874339,0.464589626454217,0.121530466117997,-1.69996735682253,-0.0160296917573248,-1.39010895273945,0.254844838642125,-1.77126910680775,1.42730151954929,0.488207002338874,-0.361283109609581,-1.00056654040133,0.44475888255196,-0.217595622257774,-0.689864857421746,-0.217900148293483,0.592162317934872
1.00857532584,0.601851427118817,1.00385438571974,1.42929621041107,1.39243472741969,2.52654042478584,0.518114644237882,2.34355996294883,-0.205914771530693,0.291841729134972,1.4104112713632,2.12909662739871,0.509944050417851,0.944503617382642,1.28290751766293,1.32014117071985,1.71399745424367,-1.38331757537624
-1.55096626561614,-1.99838379988436,1.15495327072583,-0.490384256785095,0.691034193168412,-1.18376169245682,-0.993223129050542,-0.0822664222152706,-0.4678334008336,-0.718004695778891,-0.945713241099203,-0.376809295125613,0.961472699558054,1.5951319998955,1.85830920327765,0.616937855723267,2.30883559645588,-0.61523925443726
0.335357621659975,0.206372993236664,-0.674041733741531,0.723323030206463,-1.33089599988358,0.427809666831527,1.07728331615439,1.06746155288191,-0.582938694100862,0.0343917495409236,1.37804361362958,0.285474661675403,-0.544702224481964,-0.115272224464709,1.10155643252728,0.576103633501237,-0.780115059121245,0.107836178173408
1.21059380645182,0.602300766366906,1.42750192127779,-1.53397257869061,0.600656936514207,0.433209613610587,0.715894614244351,0.880359255796087,0.328244883706278,1.77834633368109,1.80823267982618,2.24833691251605,2.13981549017366,1.6746688642626,0.653963513159885,-0.65311660369565,-1.47366174486168,0.737012523519136
-0.774468727637965,1.69242780653109,-0.516272948017769,-2.0408192332339,-1.43991298156187,-2.3061330038186,-1.4607363126021,-2.02403338121598,-1.83301869015945,-0.903591239206261,-2.62338273494382,-1.30910620614585,-0.387569807187375,0.0331942590945702,-1.91087313040973,-2.10807639440905,-0.208890650926896,-0.511639445281811
0.95424004729046,0.922821696621103,0.687595546480521,0.98209453874608,-1.34570572223787,0.635069249573027,1.50792934174657,0.868019403117704,0.960241138791089,-0.189417552162721,0.542571584616752,0.357044997792834,1.714538823191,1.02896075265199,0.0309582734006234,-0.725754997040903,0.515258460235801,0.186080384346654
0.218277022428456,0.272552375228702,-1.23399260806669,-0.162880987018444,1.12479993044519,1.94131054981376,0.128471965059381,1.97517483353445,-0.528718931753362,-0.404662058405649,-1.38124283133579,0.849764154644951,1.58277380298965,-0.24142007797214,0.485829489574911,1.72104156325745,-0.0962322052586579,0.639346171585472
1.54943505975145,0.453744083126415,0.170908033302866,0.751819260640877,-1.56369861525419,0.321312160932847,-0.332185909464113,-0.33368512813626,-0.270838832094046,0.771144412495147,0.645803340253665,1.21872744596062,-0.116073943645658,-0.547077707841616,-0.321029471614686,-0.745340850021549,1.84080072163772,-0.981956538730933
-0.22358536051579,-0.231159097051421,0.811122708034713,-0.458383437255777,1.92746922496588,1.03964143704436,0.580339457357623,0.702238106903661,0.643645114026198,0.599652777455728,0.356240408540855,0.0654326784043536,-0.247828957936691,-0.0924832425209194,0.424574759537299,-0.968326072588526,0.145874016878133,-0.340386760125291
1.01870441772582,-0.127676640099256,-0.057343000754501,0.0561081435921843,-1.41993831444542,0.203062850450671,-0.841123196015565,-0.426994421219224,-0.230128346740836,-2.10865590151004,-0.991780869676035,-1.10245701759352,0.00511599192438578,-1.54507368810574,-1.64100043641046,0.0150368798754732,1.04558015651442,-0.556965534115762
0.171330803873051,1.36681886531597,0.496153477426256,1.84268887968562,0.114353005602005,1.23360017930254,0.0454900218048558,-0.140260358140795,1.54055151344243,1.66842889102202,1.21131526205427,1.26421792990028,0.445254832702932,-0.443606951327121,1.87789109652717,0.0854694341034135,-0.122888540953808,0.49649244370668
1.35007078419205,0.150959967261471,0.616917592327085,0.453226937283862,-0.841224165572526,1.84503252210168,1.26630369031985,0.385244937013161,0.423301490606457,-0.153332692117488,0.825589254279985,1.12769392185374,-0.252747434858179,-1.58256349317641,-0.417416141821256,-0.021042717637993,0.18679775989111,0.343219370951067
-0.174357441575589,1.04395163274654,-0.609020342271496,0.629613106349981,0.783880263308871,-0.359323824625857,-1.7002220341488,-0.562407053725277,-2.40051131979029,-0.836110062230245,-1.47323657573341,-2.01065529821364,-1.33838238298626,-0.923265096362196,-0.521685896650985,-0.0318587822885453,1.51775601474677,0.165904435760306
1.14048132661188,0.143687898156177,-0.813717832718832,0.460591555080824,1.73316240712832,1.51828184561796,0.308625842869493,0.0865183765585665,0.981759597903591,0.446682337888868,-0.182059437287016,0.00884297201667611,-0.108289238635004,1.18087373438511,0.778347032188503,0.987293043298018,-0.0462847729036444,-0.385534437166893
0.20348072150302,-0.51596777627775,-0.136236351399281,0.50920702373291,1.06839379449155,1.26511012935237,1.04100017121551,1.56555694453015,0.0077053038035074,0.350206699563701,1.63898090736452,1.25406055895144,-0.269157239920505,-1.08282243745608,-0.194106557527299,-1.68033740008706,1.58003325424494,-0.526516605318562
-0.218797338069348,0.157472894668804,0.673389827176561,-0.524980927537063,-0.24390956004907,-1.1853310962305,0.179691961844024,-0.117582168599019,0.275097227820461,-0.769957562546069,-0.237449544888132,-0.537725137167097,-0.969936761904416,-1.55887634529132,0.702281759881775,0.520452605007909,-0.588033373347233,0.0902941969676589
-0.460690096146352,-2.31996288703758,-2.86053673971806,-0.704937816083429,0.539928704331116,0.188871460980652,-1.08408070940248,-1.42079751619941,-1.69628700886582,0.155038878215,-1.1159849940856,-1.49222379504984,-0.807243587194589,-0.934045044477449,-0.480955933948014,-1.58782506985072,1.51911001528726,-1.5391623805682
1.15891807043838,0.15694671389744,1.36411303634783,-0.0267086248831084,1.22060266658002,0.128287048276924,0.768123741477267,1.88735687712142,0.11525928312755,-0.881850789033682,-0.283505560512838,1.13295903116459,-0.496633366504828,-0.313343908270814,1.29934823873204,-0.626045743767525,1.17692182128822,-1.43643413755254
1.41435354518839,1.22775018395665,0.181581053654435,2.2392481030168,0.590751550058006,-0.362370259517078,-0.140179924083534,0.348940022904132,1.03069969018448,-1.30991581012497,0.55371420482328,0.593057268618492,-0.147496600716327,0.366661043358469,-0.664163528813727,-1.61395133532806,1.88793429843517,-1.03198186393721
-0.85000906323525,-0.0139195636515965,-1.5545524098886,-0.670211398765009,-0.745065493284379,-0.433626163593157,0.546931952343003,-0.797151210211864,0.628460592565429,-0.708043690245446,0.488743847095892,0.0117777507362054,0.978708076482451,1.06299063338355,0.0554172026105995,-0.307334020094334,-0.489944762909004,-0.972625506395338
1.90567113753736,0.525331982661078,0.866838414751214,0.0723051754849214,-0.353221074129037,0.513460549305105,1.34989322415221,-0.442570769592226,0.639699087062868,-0.168652913876501,0.0515774316552497,-0.0970314875985848,0.227481881224314,0.709033411980951,-0.842701739532036,0.402053053383459,-1.71275601645752,0.813063230345388
1.11043125237803,-1.12951925926382,-0.0924284548884179,0.151695715110341,0.583539465867596,-0.121792261113201,-0.0769522056167525,-0.336182020326147,-0.952935652017545,1.63098340237194,1.61935259049747,0.395532571268059,1.41296326704308,0.953170394452347,2.13223427840599,0.966952167128445,-0.360545484463348,-0.674543195783285
2.85273139096351,-0.0947947072999822,0.911390753335493,0.748144131928526,-1.62856092937754,0.540832675699332,1.97103717937434,-0.00272163609288869,-0.356143883195338,-1.21646612183732,1.35270950877448,0.553422686821853,1.27709527292183,-1.1730975360696,0.829952254022796,-0.347793376976972,-0.143906008676259,0.709848974740048
-0.549977291287691,-0.441766171723285,-0.710000738501557,-0.603353766372742,0.875660319094015,0.114205357913249,0.440956954760596,-1.30069059264011,1.65734070418276,-0.133449673560048,-0.741096819558157,-0.171133597659355,-1.12769401517215,0.0771588540328817,0.356730985946642,-0.826667477319603,-0.427883874305533,-0.193478886448291
-0.249655123534162,0.630364748820978,0.181618669283019,-0.331434551114987,-0.241637745826434,-0.757281121841461,-0.357412159372619,1.06131779912095,0.181257535240885,-0.491181108753811,-0.203774264951612,-0.0241981694937191,1.02210299890792,0.508421259286046,0.167028636662673,0.104702632493468,0.348960309115952,-0.315157096307081
0.98175621911132,-0.155211960593697,0.56802073778731,-1.64481061606172,-0.860202528107905,-0.00560579205420063,0.298111293334706,-2.71248115990772,-1.01034408614348,0.684399733491348,1.28729812723053,-0.855629059655788,1.08473734097637,1.16269848003614,0.85172124475144,-0.392022121405117,1.32407808358639,0.148395859920886
-0.485096942069733,0.413295926705773,1.35945097135695,0.225264829845698,-1.1070677665962,-0.785667526956634,-2.06415611465105,-1.01556502399655,0.0859706200829574,-0.288523824397042,0.477355077825986,-0.173253277503052,1.58803198353373,0.226708191380744,-0.92057141190871,0.611012304097525,-0.583031044047092,1.35584407921642
-1.19773660028451,-2.31466220987658,-1.67358857173742,-1.18293703468386,-0.864446020254836,-0.32805535053727,-0.625551902332546,-1.30194360285086,-0.863665643941511,-0.587388521317139,-2.62275857764546,-0.834995298155553,-1.11459197388071,-0.434931988105283,1.09458343099165,-1.07471079783388,-0.738165920515249,-0.0414182943728316
-0.371334256363496,0.44229789434052,1.39384132225326,1.36199419362374,-0.212749892037991,1.31800045248869,-1.41384500717597,-0.403377557251415,-0.612182441876185,-0.831191744685934,-1.39494845694396,-0.873357386317799,0.32889438431189,-0.375970374326259,-0.53938257387895,0.602472242589762,-0.220812953181994,-0.596058884697405
-0.0500406760382185,-0.494379440621706,0.664322786152077,0.00767896006372931,0.112919260113924,0.00233392280862168,-0.161730374053996,1.08528609094225,0.905968647289233,-0.145775553591288,1.99822074259363,0.981869361342248,-1.03335565928086,-0.0504098183425367,-0.798315573244546,-0.735026276253716,0.184304009100468,-1.4922898305804
-2.25560310660235,-0.801403126624863,-1.80342128657007,-0.748820295751066,-0.767883888450455,-0.582827126878294,-1.9180004300331,-0.280336978371851,-0.516851276341594,-1.59361032343536,-2.07276993901813,-2.00130000375259,0.827515438181611,0.526354002801638,-0.501259663253711,0.261471432903779,-0.576620256837464,0.468046399169766
2.45777693319299,0.625955601739332,1.56562412222516,1.08601440047076,0.814938107441363,2.28565987654095,1.92931885399018,-1.17204742248382,1.21622530070286,1.17316934372475,1.15917316704867,0.956650323035754,0.0467511988918046,-0.815305967780176,0.170816096000567,-1.16549251231487,-0.458787678062229,0.759654435571424
-0.491291593449301,-0.78426602960354,-1.775057176303,1.0604326294715,-0.629014261794559,-2.06941935509637,0.385039617288131,-1.76541463026941,0.0515533524272634,-0.803859585656168,-1.20470600054767,-0.0400927218219391,-0.880435787321445,-0.04458157484026,-0.713329404599203,0.797323353708526,1.17705847895955,-1.33155742404423
-0.709490142870791,-1.9803050385417,-0.111266639807904,1.22352115296241,-1.37518502993687,-1.06743315245948,-0.0957001187058449,-1.58059302453138,0.0784439723027872,-0.0690628294096228,-1.98194092639003,-1.90702987763323,-1.96274416253955,-0.973679354725982,-2.09917030468673,-0.429565139061256,-0.444187631426202,-0.415075646878121
-0.926569879154771,0.274552989189823,-0.879637633521895,-0.309315559276494,-0.99242750355073,0.480411220367062,-1.35938280947118,-1.24638846467866,-1.00233554092921,-0.860375092597717,0.219593692138763,0.0695000720169343,0.731541200021929,-1.20635860753909,0.453086647281173,-0.85026147933449,0.271243137710711,0.208944520392206
-0.190270654440199,0.342879882986318,0.454739153094818,-0.662306594814761,0.536532259210011,0.368636124909771,0.125859641716723,1.15838183406219,-0.54467198455243,0.268779643297614,1.03604113660517,1.40656238431323,1.12541388048147,0.24434091552679,1.49616367104278,0.617124286826948,-0.803323349548484,1.3814984250782
-1.3245464513755,-0.459343163641465,-0.599530123673347,-1.96922408889667,-1.21083897761672,-0.827127179902506,-1.97546989054969,-1.02029702199793,-0.60305587012051,-0.652049433212715,-0.292190685525714,-1.29423466471873,-0.0337901486482909,-0.276337220870463,-1.95043329370605,-1.46125585638682,-0.972567524170501,-0.94364618486846
1.22912276727712,0.0600736961134798,0.812329500846369,-0.185621695745706,-1.47869798527943,1.18535460292311,-0.89613149504013,0.237412413306965,-0.146117814003452,0.309626710014065,-0.303208229974515,-0.990425335570215,2.02493446276429,0.557611009754685,-0.703753599044187,0.551184877109025,-1.43694162746996,0.537468494896622
-0.199678601050918,0.594220941446479,-0.524449223330337,0.607323850283868,-1.46728059494083,-0.846198220747547,-0.984989681309406,0.558370590842564,0.00115011611716894,0.236531133686308,0.0804851181960175,1.07762798190951,1.81318049801365,-0.357032065457344,-0.515727540719415,1.36816043941738,-0.658790306438755,0.0366052640831023
1.62190153330699,0.825595438170112,0.982256806482449,-1.71487322554852,-0.349337338538923,0.0839610531593708,-0.257077877098682,-0.139615931864962,0.263033224528735,0.950142943814645,-0.105658389216895,0.927498271627064,0.66455674572487,1.07867220538243,0.378648254931375,1.11637519005318,-2.22588935397404,1.2232819414623
-0.819535512733827,-0.388968158811337,-1.08832544688098,0.18442607226977,0.129008641357147,0.0401463629794074,-0.349256680390765,0.467298942612578,0.0182976769126344,-0.397088000539678,-0.184683730404399,-1.18420736558833,-0.049237605994035,0.278920545645255,-1.11418367829283,-0.783014885313802,1.53047335203547,-0.0532278889715701
0.0235314005576728,-1.83035283252808,-0.304807884228887,-0.336307379967728,-2.25199651622843,-1.90031265271218,0.568618384256723,0.258531711533009,0.491489359598267,-1.27406058232259,-0.0162665286061245,0.476899335436895,-0.186455708402,-0.0488248380235468,-1.62591944723975,-1.41474160237911,1.31857393335397,-0.321606983384603
-0.430678124050126,-0.869367834046081,1.2018835816669,1.02624760852655,-0.436844065388447,-0.198946548963087,-0.943079612093983,0.43475246374559,-0.0130764214289029,-1.11066950832804,-0.898250041109724,-1.57045323657771,-0.651874031293651,-0.812996888907231,0.382491235236313,-1.07545431008519,0.0464301544768235,-0.948702718635444
0.841337095172267,0.754164065645041,1.22122147287291,0.517989172608389,1.18259127512611,1.28386819454597,0.970412447874265,0.985225613422696,0.535011233114967,1.13078868497255,2.1113180935197,1.32455663453002,1.36849773399641,0.614563398225985,-0.0187809510998686,1.27042928842736,-0.58429662978944,0.890966535877577
0.0226791542502121,0.16466155010747,1.1762749279177,-0.53489134890639,1.68727746281294,0.207494180576848,0.837169372585568,0.249404496373672,0.867981963165399,1.38368908810678,0.821917695441108,1.20766877975276,1.00104441303793,1.02046583302703,-0.676689986901315,1.37245304995516,0.232171441683856,-0.0729930912465669
-1.57153229634547,0.0300972089539478,-1.0944485558723,-0.549957845000725,-1.13067183591847,-0.46276759322151,-0.383465797757554,-0.0203716802221559,-2.0404656073799,-1.26989081018626,-0.407005876766302,0.397150197152876,-0.36475625960211,0.0842534481354468,1.36934393259639,0.881791432455525,-0.218878722325252,1.33740096426855
0.665737273313998,-0.884812267636294,-0.966112543056848,0.893219919395599,0.866358516103376,-1.29485272480742,0.887478451243067,-0.514652991888839,-0.440239704254837,-0.630000875139057,-2.98800384142078,-2.35486886496712,0.272610709300324,-0.41371125938314,-0.70237619418533,0.191284370091287,-1.54699384361009,0.268837950395741
0.819398273458518,-0.0595639215936846,-0.926679930892529,0.487370210107369,1.9997724509644,0.0448048836417268,0.994205147454441,0.0427224069008867,0.686185153940979,-0.00937138798360906,-2.33914264208459,-0.842703224764319,-0.507531716632415,-1.04456457116441,-0.752163970636598,0.841989156669436,-0.0932505987296132,-1.34225003556848
0.504189405966544,-0.791388464965522,-0.107305981151996,-1.42200929268329,2.02686913334052,0.810070039236952,1.36623643652102,0.366638050549823,-0.291423218625424,-0.465861113450474,-1.29720902579998,-0.937209679685072,-1.70907403480242,-0.163557533885673,-2.09172147316512,0.0829161558507799,-1.72560080932026,0.350250279998522
2.38603014439703,1.67220539762084,2.33194744417655,-0.161640849152188,-1.05457952005676,-0.163842860615839,1.43697866605448,1.28540309942384,0.184247792278086,0.971094512325892,0.961469884266529,0.571470694016021,-0.0525037149577342,0.783487464113546,-1.58433408622312,-0.326500754569366,0.74647470173188,-0.147151721438669
0.30609272315448,-0.697973546715225,0.306799025632353,0.789341121495011,0.783161821345278,1.13414366775471,-0.624547031485405,-0.53806078712964,1.35404591630967,2.38527620220751,1.95881503646232,0.912529412382061,-0.00810142276543935,-0.379279220032974,0.761360879941995,-0.409056487794629,-0.0471546889712718,0.88102842167223
-1.0103103634618,0.855159487396119,1.28375227877603,-0.391869566936425,-0.533658237466573,-0.991699075501818,-0.595909208097083,-2.03661262664134,0.368892640290652,-1.57456768674519,0.223121758063921,-0.896122644992824,-1.0670445162019,-0.767828199921492,-2.12838455854853,0.832046562041394,-1.8050206417511,2.36400430632622
-0.071130850361977,1.42052772515847,1.27129579395899,-0.573732967175553,-1.39881607804032,-0.994367377665493,-0.357844976072654,-1.59360287361493,-1.63641038370434,-1.02581384470919,-1.42052705969578,-1.34938137655312,-0.403903866916995,0.471324404502386,0.177148265803641,0.0988792907072766,-1.13903104659476,1.08632143356928
-0.542079188394364,0.264641631759572,-0.277515807234864,2.83437133831083,0.647569710239217,-0.215006488511893,0.881923303711452,0.628882782725824,0.668988832584973,-0.885659071078587,1.93350217529226,-1.11983937958578,0.311602754032478,0.948912777338859,-1.2509331220988,1.18085089614314,-0.141157238075241,0.683316233961249
-0.628509396265581,-0.80712921772399,-0.44174789400532,0.569775556990427,-0.776099644810023,0.602583899748795,-0.588169425006953,-1.89026848866895,-0.629462234988413,0.33721730299331,0.563456417457466,-0.612992139936855,-1.80078218031025,-0.830384394090537,-1.24033584765098,-1.23918818186814,-1.05938866101403,-1.3728546454733
-0.835895535781077,-1.28854872058904,-0.428490306701966,-1.08863421355968,-0.557506012461523,-1.15835306351559,-1.7694720235587,-1.58501442081941,-0.881975920662616,-0.922545408708694,-1.69845297488536,-2.21566995903093,-1.12037474652934,-1.16921795011703,-1.47461296670949,-0.224844920124004,-1.12787213030638,-1.24335599899524
-0.379693452062462,-1.50680112119202,-0.604715649171282,0.736344309170352,0.241893660260246,-0.0967383378692589,0.0816194949580742,0.600312636540278,0.520989541481495,0.418651082519953,-0.464766088813079,0.440060536848908,-0.599250183971963,0.129866100767397,1.22315729278045,-0.45982333972759,-0.422581995409356,0.173771972718303
1.26412734052441,1.49633609627951,1.22449351922597,-0.790561708234838,0.167512336799302,0.991906717507897,0.610581156827962,1.42563460692906,-0.893094170871883,-0.669283294409511,0.609742306993819,0.396078217399719,0.633132213399412,-1.0129365787549,0.862073055035202,-0.910102888265356,-1.16980035911091,-0.343594436656164
-0.429028346664622,0.837781464143247,0.594000320038849,-1.27729378634681,0.106246955067199,0.79211992424151,-1.63967966650889,-0.698879104433594,0.111630387740258,0.132077676071949,0.539785705073549,0.455984108282016,0.260674382898857,1.16950628335985,-0.361295818556282,-0.819914488428677,-2.44750826785763,0.307498906560113
0.109886313957228,-0.591758419299789,-0.123766208414524,-1.65670636295581,-2.02823587236643,-0.643423819746485,-1.35279589832489,-0.294520011692717,-0.55759662128735,-0.242858514960273,-1.68646009702246,-0.760405393153568,-1.22083888217936,-1.12822424424944,-1.6216686080677,0.746611632788962,-1.96064767364046,0.92287309309863
-0.180231346137091,-0.397735559365149,0.613794395944985,-1.52584620441899,0.952109701816839,2.05435094954176,-0.481433111807724,-1.10264072836356,0.230264495076037,0.180606746853967,-0.635784394647593,0.485889959147135,0.936592733012258,-0.346863547618341,0.0383875448702006,-1.50929167566145,0.727648075750332,-1.20146779553844
-2.63455859206748,-0.4587558006125,-0.360461895774248,0.372126092104675,-0.39809407625684,0.0386278872790198,0.649809060497272,-0.692321872795611,-0.470487895721191,-0.151377760545561,0.263120792949162,0.752240226431957,-0.365607533829583,-0.022465873089551,-0.323414708441658,-0.34811410734014,-0.891241216174124,-1.47517858339175
-0.666647748969389,-0.873799555433896,-1.01010046329889,0.222440599865541,-0.492891405997831,-0.528932501784794,-0.988899221087697,-0.169828780805751,-1.44237807795304,-1.79016009437408,-1.06710547280465,-1.73217822059744,-0.693251548344882,-0.854764998342071,-0.393263847305114,0.329730295715417,0.429613773387219,0.328236437502412
0.679941176608833,1.50102459454038,0.984546362019746,0.0195459075094772,0.761164002261991,2.24688623541456,1.94159256096507,0.686353137707681,0.868725400932884,-0.174219860173487,1.50647886372008,1.11472744619277,1.53580920842989,0.347785325538317,0.107351671802645,-0.877556999528168,2.02870951544936,-0.760856222083107
-0.939372687081688,-0.840337698439313,-0.511058847010078,-0.460540589007056,0.709780956030091,0.404525162756593,0.283840169183685,-0.0470777705928762,0.0512978125765632,0.354965727548513,0.409948749787496,0.255037002091459,-0.77745551525089,-1.40780290325532,-1.34690687940812,-0.824195503449673,0.279825316996076,-1.18191942762813
-1.23914415268765,-1.23125146704397,0.273433799576199,0.516070356198235,-2.07869679656563,-1.70611735768137,0.0664897913314982,-1.17769952671036,-0.575651273863668,-0.587973827094176,0.377296432821463,-0.0107545082796968,0.386500749930919,-0.884404825526975,-1.34146774362368,-0.604087794584168,1.01780349619677,-0.615423419662222
2.18096414856096,1.93810029974397,1.94069285499496,1.54561187265897,2.27863701769359,1.4484650292083,-0.102488000003328,0.985960493360761,-0.409413297137643,0.463128614397426,1.47672198878376,1.24397743695048,-0.124569053076528,-1.20563740950611,0.371767412489879,-0.357951113911808,0.195034343050559,-0.947323400428941
0.751291145359159,0.496752378295202,1.24602098136427,-1.13998440521734,0.558029238189383,-0.0706020031788601,0.219936994004895,-0.267388787960995,-0.558172896966435,0.326768965157966,0.222946158528038,-1.10221700938308,0.19666778223591,1.40217873741611,1.50759442438688,-0.0677734511318452,-1.19266218758925,1.016143614099
0.474315610566769,0.421808229977813,-0.973037315688894,0.484687865518765,-0.550160368543117,-0.458186638131669,1.42745260364692,1.64511363992602,-0.49283103665499,-0.473179041244008,-1.70404841903478,-1.22257984306622,-1.01388045772186,-0.808039849530846,0.141478132841347,-0.431913919571126,1.09408468838837,-1.66994868441917
0.0465753999386258,-0.12956271879027,1.19240640684935,0.997463469340366,-1.67455173061339,-1.75573072668102,-1.79704449117251,-1.12999813468035,-0.30791849622339,-0.724099056591083,-0.876892899805176,-0.93758254015198,-0.394562812233608,-1.81590336956442,-1.40617448213574,-0.106717788143365,-1.16181276781855,0.523181385491805
-0.605249104241371,0.788117872189746,0.00492247629264481,1.05817550795692,-0.294852197981178,-1.7074705800366,0.976502976379345,0.776194384073645,1.16844113551329,-0.668813514241604,0.436266098397044,-0.674794943386227,-0.00923519379216132,0.277613859677141,-0.0866582209268349,-0.456048669527358,0.439203028167712,-0.239487116409599
0.765483223363347,0.610634140612425,-0.975900350831064,-0.630224540131931,-1.9230124820925,0.0745407631434516,0.491712036097377,-0.634492965908246,-0.390633513314231,-0.628488314213157,0.449197045510251,-0.320657582763053,-0.570758799907006,1.39405903636263,2.24141287108264,-1.27763335074348,-0.759669447524479,0.19306244351394
-0.405019499932217,-0.34543627316199,0.587474508537338,1.32581970132116,0.238077729786934,-1.50363448623213,-0.816236437092641,-0.921361492610522,-0.473833081098828,-2.4614537398423,-1.49838016340395,-1.35318057663352,0.727643285653419,-0.41610773717132,1.21156259483972,0.7342405818372,-0.867884558715439,-0.878093457895257
-0.196849350903271,-0.367832096633716,0.273868059087252,0.148911079061648,1.28942628207824,0.996149770216801,0.0854201681586608,1.25620455013474,-0.10010972105998,1.1123005757759,0.225639549003854,1.55584788484753,1.3793810861586,0.20903928732648,0.610168929391574,0.874991316256071,-0.58319906902338,1.60327935414562
0.886021732204499,-0.344046114374087,0.346669768412572,1.04319882792466,-0.207081857126926,-0.137524084755085,1.19127287115007,1.23792410128864,0.0681039433175401,1.30000275603066,2.71387628065179,0.73153733394726,0.892593372381313,0.69135477739311,2.05836106253839,0.850608623703,0.266303175579823,1.01487966603947
0.542915511574556,0.991111715726972,-0.627467277464694,-2.30008247268674,0.0394798985415925,0.109438901884028,-0.635768926296302,0.93797734879712,-0.777142105710572,1.11698893722354,0.551758616052989,0.214209420194365,-0.168228066990013,0.700780422275272,-0.729510609835017,1.05545739574238,0.164110484255183,-0.255884448614094
-0.390718559791055,-0.825844996600096,-1.14996661996036,-0.0607034687938815,0.63398008353621,0.0211184625059923,1.17967100115624,-1.02601608524152,-0.13230892544744,-1.08907399972782,-0.222998293241907,-0.254375315343711,0.730105156779114,-0.53525154613651,0.139332612384565,-0.382818227087482,0.844024616280627,-0.650103377889988
0.0518593097327264,-0.0100649626917227,-1.08457803972708,0.496983837081118,-0.580870322213982,-0.326711412103198,0.300324708291763,0.640420071915167,-0.582173687836332,-0.299197936374891,0.418142886225416,1.13117884914409,0.507170473722525,0.018285954766277,-0.0305029857846846,-0.0988415743183965,-0.0621924223798147,0.204187092173461
-0.419747803137837,-1.05425798667951,-0.531643861601387,-0.510019045587142,-1.7863782672668,-1.23660843140426,0.590019959215143,0.106245245358691,-0.592874465471306,-0.866584318149151,-0.458412362619382,-1.79149770538768,-1.31651261391648,-0.279184306317372,-2.1103370930191,-0.25901378050945,-0.576818056640999,-0.516216778817521
1.16168970800787,-0.221201196945132,1.39819898486611,0.665562440626031,0.351475796985715,1.13773393383593,-0.0632057800627938,-1.14330313114575,1.12541212407928,1.69628902083543,1.04167485945507,-0.201703747389788,-0.779652650680037,-1.15474255568761,0.0427693716182934,-1.05490537775016,1.69225295793904,-2.01315706179757
-0.396203490370685,-0.487057686752551,-1.33603339729369,-0.216335115385809,-0.676090594606945,-0.0482141313045387,-0.372853699638952,0.877352616679257,0.429993766334604,0.146870496013144,1.19254489063106,1.41321085555436,0.83475025021067,0.586727913686663,0.588823502730846,1.24501389763888,-2.9109630046867,3.03697190776577
0.449332020672691,0.0548354911640575,0.342875445623886,-0.866553143688371,0.174567695378343,0.35759607802454,0.015231233758443,1.70068343084152,0.317849407783052,-0.436059655751828,0.993158161096636,-0.142278127371388,1.28815927967327,0.779175877807621,0.745894207784516,0.0298074352307601,-0.723825517644848,1.73259719824466
-0.233784762604275,-0.451444217897264,-0.347411276864193,-0.108191718415768,-0.0432490960913256,-0.686046769950255,-1.24552012329814,-0.698930878366297,-0.45213309331962,-0.746432897602659,-1.81013833866063,-0.729712648657993,-0.3145306582703,-0.106998750742562,1.25549120737993,-0.455614946470908,0.392145463222063,-1.92164138147187
-0.174842746556636,0.685651774133283,0.0871714712398798,-0.167797449879274,1.47867156641011,1.24278347022167,0.455644249606705,-0.246810216129608,-0.979117678963692,1.82547870739073,0.707115298245302,0.919145409669494,0.810613920933165,1.09481024485274,-0.821225392981897,-0.419429509915224,0.119764550628836,-0.79623284127101
0.0291543035111485,-0.349096896608804,-0.52672090854682,-0.885809779760772,0.941928582130901,-0.806323292318939,0.0557752334327368,1.34925001065429,-1.373859234945,-0.885775416358902,-1.32597303566137,0.099991863489517,1.06554716258808,0.70063223780897,0.864674737046789,-1.00742757363709,1.03121023747495,-1.4244412949289
-0.730538277449587,0.615080778340495,0.324155059193348,0.38195566278267,-0.475486917600034,0.281210427760989,-0.412377530751186,1.35702474988087,-0.00363680550220023,-0.486777582589462,-0.78752837039416,0.842016156012678,0.0200883333249928,-0.578344874800525,-0.2446553148311,-1.95701237285487,0.369164382387989,-2.22188514285
0.263158273274218,-1.33685987045325,-0.345819726080997,0.742417903171454,-0.801849862079145,0.471696113604451,1.098110632998,-0.484851797322626,1.65896769354273,-1.28686406207194,-0.693121500468273,-0.601725756404616,0.520281073411541,-0.446647029533916,-0.576322280629123,-1.383853997929,-0.255236386507098,0.486392012202865
-0.0555542185830155,-0.0999067804238016,-1.14805667405324,-1.34736801398668,0.26450091628954,-0.635266947886988,0.235880003030824,0.450536619411767,-1.13914870930531,0.30153602763218,0.101092758292172,0.906585315804787,1.3655730573048,0.111820627104024,0.762314710621282,-0.201241291025248,0.34148647205426,-0.759855313892207
-0.611263917654664,-0.290836588914766,0.484781194043805,1.90342860688977,-0.658097616977993,-0.893243476193736,-0.244487116475407,0.356421813351974,-1.13186503724969,-0.737084028789018,-0.603594264553454,0.461198978466842,1.85705533676083,0.84477393458642,0.348667667760091,-0.0140036721385471,0.186600159822319,0.608550475205301
1.58328654946666,-0.0231279316656001,0.822672546483629,-0.837751572444847,-0.156187338765686,0.395807076901684,-0.0856832670669475,1.15468876274308,-0.685736562477444,-0.359376798582164,-0.694521290657447,-0.506283496057536,0.66369812420528,-0.606936862467137,-0.379812604851612,0.743486035483666,0.671319747949111,-0.798868385789211
-0.160954969871322,-2.1290952387781,-0.853056691973027,0.985244562308344,-0.0263957325648099,0.181677130167436,-0.141603622964627,0.171296397751552,0.117525416521125,-0.231304645586868,0.0271343429147349,-0.29777009170907,-0.895923546823138,-0.089032240566928,-0.877099118936251,-1.45918835847243,1.44816531252751,-2.15554719716224
1.6151781972952,-0.260375027289544,0.267539642051717,1.31848150320965,2.83039086404359,2.65786737187277,0.903148761271367,0.805740489136575,0.778053398209747,1.37044100521901,0.555451916059017,1.77658839743555,0.0171923958178163,0.266679697319538,0.767903835775018,0.319364028624301,-0.847115684255882,0.694701014702788
0.50483460110223,0.0282407331778585,0.12568628663145,-0.18518926360486,1.1593342515298,0.85207375262786,1.92244523545585,-0.197375706738952,0.760390310672052,-0.415639788788675,-1.40295299834442,-1.54155365392809,-1.33235634353991,-0.14329108135561,-1.56529696198235,0.293474131001355,1.6496396513295,-0.195529404711043
1.79350560923165,0.411939255960353,-0.48811313332639,-0.313767358879459,1.32559222296392,1.00302057651651,1.83017797074933,2.44621447790316,0.788685073912026,1.71405066828473,1.5546322618884,1.60676382274249,1.21592963305375,1.33888176787672,1.75771238566409,0.0791902789974831,-0.506827913783263,-0.135749250143976
-1.86204886604652,-0.971780787487549,-0.926395928599962,0.384039488104688,-0.825149696386799,-0.180952524686825,-2.31150448795087,-0.0411362590861563,-1.99187227892664,-1.53949635722517,-1.94774761152838,-1.57120783606392,-1.01266860469626,0.17795628558361,-1.85908185995564,-1.14856613725654,-0.456988085264892,-1.00417177352281
0.0691706709626005,0.515834532087902,-0.541941937885226,0.930649987453348,1.33033342495291,1.38941561319273,0.24158876374319,-0.17823405168148,-0.00563300044105509,-2.14869045600907,-1.3628492242082,1.037748414639,-0.324811052906052,-0.69633763627051,-1.75085611625618,-1.01622070625068,0.536534297679902,-0.405675365134687
1.35344088569814,1.0061460691018,0.910488455290167,-0.817362253043106,1.48340927405334,2.06678455885791,1.70555939922053,0.630687634018512,2.02073903202955,0.644082370646833,1.86615257875472,2.30227163804916,-0.677740137199564,1.74096045143545,0.645216751410838,-0.368895612097276,0.924143192986789,-0.340304568985899
0.187629434749712,0.158464790880239,0.010730141682506,-1.00697879236705,-0.158611140036069,-0.506979328902557,-0.0662968110911325,-0.365054076266764,-1.89183490985763,-0.330921602197704,-0.166152793667566,1.226069718287,-0.619532595958287,-0.307218786759865,-0.642371247906337,1.21050705718076,0.371000878580733,-0.166675491966692
-0.235879802894073,0.123906688128876,0.157918582978927,-1.23047925749959,-2.14653308972261,-1.698409776034,-2.90938871312426,-2.25017372146276,-0.947449062759129,-1.25221999080986,-2.31312085032198,-2.0329185566568,0.152725658440633,-0.980644238666524,-2.12542056914712,-0.710757093659506,-0.80753175613166,0.607051650895918
-0.53406696721376,-1.09679285607479,-0.250930473662613,-1.57261989308012,-0.583369058945756,-2.69404856909006,-2.65548805736313,0.0898365224532676,-1.79527020999446,-1.5232822475457,-1.49925712722816,-1.38344909384008,-0.48300690075336,-1.79081260855951,-0.775533469229635,-1.58224433831414,1.91933216315131,-1.62080596790788
-0.192053360346885,-0.907974307553966,0.448149612277427,-0.844299746686853,-1.48346076034502,-1.08053723930202,1.7654653402513,0.827260255959056,0.243210066707498,-0.81989488825664,-0.132940228608116,0.366564634173637,1.79970908929022,1.45103383457809,1.31128590585897,0.604431384461147,-0.877036751178682,0.750467315737745
-0.37484095886113,-0.525758722341593,-0.961584417991909,-2.47867107910318,0.111328070103833,1.39952276147512,-1.10741825508272,-0.00374923108269401,-0.462488002396527,-0.556554586142625,-0.77424991972375,-0.767566303949415,-0.298646158777281,0.0546784159847524,-0.0841843953204277,-0.342574268729365,1.75156984344016,-0.808459367528374
-2.48962212364444,-1.0490715858149,-1.3216497728682,-0.905403742789548,-1.61777176306268,-1.7531587785287,-0.653847721237178,-2.24146028147338,-1.00488549217178,0.341913101031247,-0.194594747060604,-0.570945164731936,-2.61722104328532,-1.81651396900894,0.0974036423314217,-1.45526271368847,0.825673797177729,-2.09740161291853
0.3575975970722,-0.306606105132701,-0.354685390285043,-0.613739314505289,0.901049415685493,1.50783292247838,1.27854847294321,0.0803283691005389,0.615319867173159,-0.301649538484382,1.12953458555822,1.22979021914829,-0.557671447895447,0.198231806557881,-1.24060086815484,0.0712394881095485,0.654099945211831,0.143178707913682
-0.682696602189265,-1.53019808855731,-1.07863890135009,1.08786281145672,0.296691785837921,0.420158731007613,1.17570537775785,-1.66446119728905,-0.167101137170032,-0.1294425161057,1.84901689579354,-1.0499026478762,-0.832518673697018,-0.357333030180814,1.26274155058788,0.148275385392557,-0.944433325649862,0.492313490415836
-1.31240763603845,-0.251947258701221,-0.893470083936029,0.611879165692049,-0.331048599090693,0.225225437875849,1.61743847697996,-0.483477692671699,-0.357504347822944,-0.418577557032243,-1.90190285338728,-0.244041646112838,0.697762935091105,-1.77225085646538,1.02329482674013,-0.0452200520269501,-0.940826276157443,-0.19176662843823
0.184734086500301,-0.444946676875027,1.43626694154831,0.184839953383361,1.75973249619462,0.151890910487891,-0.19276531981079,1.17457827575222,-0.63730234599459,0.989946251945729,-0.348476284139304,0.184358534298978,-1.12025276947896,-1.7234208489354,-1.10051612732191,-1.00004588556601,0.530959538144827,-0.108443657554221
-1.15629275126996,-0.146115610192247,1.54867793200409,-0.977087681144148,-0.522772212678745,-1.61440463124742,-1.81762473164277,-0.268272718859744,-0.787368176290124,-1.04949242605984,0.667010127029217,-0.554741705172554,0.199488338817485,0.598469327107166,-0.105536324454764,-2.06054119774638,-0.36220713286905,0.672418355561692
0.301743714527331,-0.799668129286254,-0.580670348113017,-2.50391225787616,-1.09815474219382,1.96907103098859,-0.832814503325884,-0.888244192271617,-1.37442822454521,-0.979686859637571,-0.617201763410323,-0.387107384402145,-0.826861157185469,-0.951015996956341,-0.532258709104647,0.211867352112021,-0.254221680778391,0.39870983375016
-0.568810229484043,0.338541921732552,-0.67686367927187,-2.9879989091253,0.448914417202218,0.561322465019305,-1.19012271885754,-1.52635219612918,-1.11332476287938,-1.77722602863972,-1.39211685869282,-2.19384046612624,-1.30354142212541,-0.463288213220418,-0.928502933771716,-1.52958034561779,-0.891396076493457,0.0748804409931829
1.47115264121582,1.26378823474603,0.0372262924810817,-2.34090234256463,-0.037854799166032,-0.281137830883109,0.296037531186227,0.395792941760349,0.0600305078410338,-0.341895500673537,0.117181031207802,-1.66728630378476,0.525119369507671,-0.46906452580696,0.504501270856204,-2.03473164910027,-0.378598893382553,0.00863214967722333
-1.00304348437892,-0.155693529717746,0.960029348606057,-0.812151989918209,-0.879668295557991,0.288983574224708,-0.0410906325559573,1.08438026014751,0.568852765023096,-0.258064617374598,0.387507187174286,0.608747312280343,-1.21500152708077,-2.0127022636115,0.613474496924907,-0.577714741789534,1.12250546808528,-0.923373976055575
-0.828514746111342,-0.683235284838899,0.0504384573872778,-0.227685756708516,-0.367083150914291,-0.707050814095674,0.734339071841579,0.779484132120655,-0.183140991775474,-0.557509855301119,0.344122821599805,1.01280571520965,0.150524539289463,-0.811267537656827,-0.0194229341721938,-1.31521438421196,0.572454047663505,-0.263716536217761
0.546128711752952,-0.579609938305284,0.173482874413046,-0.337132599065838,0.928358817377762,0.630955520601577,1.05349376506346,-0.694723127597528,0.937014283587902,-0.177424467746556,-0.745027891032163,0.670173668522875,-0.736322243731502,-0.213899159799577,0.902359483839085,-0.106115776648914,-0.850820240809263,0.833462399270489
-1.07068592372639,0.213977545014153,-0.36019182657287,0.658910764602678,-1.92734514040047,-0.718940798681566,-1.45607264318844,-0.0180496525440504,-0.113057867518274,-1.78874736579428,0.139640492132124,0.0711831267090208,1.19133643642606,-0.734281331799547,-0.644557730063296,-0.166024588246203,-1.46745373540945,0.178719579653759
0.193552727572825,0.830361920494579,0.206757318582823,-0.270478200435454,1.68445645997159,0.253147651049371,0.634689921337379,-0.973705762772498,2.24847248081157,1.08006411822961,0.963837464977273,1.56952642920156,0.207577882298937,1.2422732345416,0.729302927802838,0.963683356801122,0.105741588017645,0.547554799592005
0.037837486280055,0.707334930201828,-0.489235549366369,-2.55100284757085,0.544341137686079,0.380644902572299,0.838062060022514,0.114169569375673,-0.387875886095279,-0.247536551262907,0.184007402274034,0.798437116122788,0.991695150764908,0.933453513486343,-0.454591049749311,-1.92091372389682,0.409420385393186,-0.0275368369721293
0.0070453484451156,0.501480952328357,0.0946730984013264,1.07417676592772,-0.553631173870507,-1.01491345765722,1.00356200795029,-0.650462802035743,-2.13120054669158,-0.539021201410362,-0.842408592701004,1.16569774207984,-0.0916978872182116,0.311412521749714,0.098800107683768,-0.67265236680204,1.05761507762643,-3.29086265603904
-0.596161602138076,-0.276100026850281,-0.508924262417918,0.787914929625439,1.99700655774651,0.91606682986076,0.0957076731128447,-1.13059135746545,-0.216773183986454,1.45492528838902,0.961691455436103,0.844081215282956,0.588036734600202,0.691286804315569,-1.08975194928278,0.362141800914378,-0.488349324001471,0.240824517537895
-1.06389989532161,0.67976678286794,0.364849414289506,1.21756985698072,-0.275979984276986,0.954190162711751,0.0475724715285805,1.48263258953394,0.547921960335556,0.725686439492297,0.0225473457322244,-0.68046705112831,-1.21197671176433,0.611901799331133,0.31052961452247,0.921408072936443,0.175317943740492,0.251921054448022
2.29682151254965,1.40402835539758,0.252586192488645,-1.41655649673722,1.34618341931002,2.07440252446055,-1.20739744194,1.11115387473377,0.790709794610684,0.913785270712971,0.612984365965616,1.30514838595129,0.527329171930363,1.23783936820237,0.230404910574788,1.00946268197332,0.141639166717754,0.812622855890488
1.27844258211478,0.0243518393376443,-0.467866456595141,-1.68818103145736,0.773859255281939,0.00984382833630478,-0.305162962681268,3.35945378168222,-0.10790594921045,0.761078685829751,1.52210552043331,0.155612149225541,0.71276401415485,0.638065157036013,1.09878190022476,-0.526804698057036,0.458963783379533,0.89618683531362
-0.577676113564364,-1.03899356123987,0.925800478946098,-0.30451981433613,-0.476455189916328,-2.04746720780545,1.40712628226195,-0.489485592936516,0.537641650669586,0.623081548704183,0.215661506259728,-0.9959782597527,-0.676081120659705,-0.683041403106572,1.22193682455994,-0.894758221307678,0.856854889750511,0.0332729952247844
-0.145142326824801,-0.0328575847973878,-0.204066425419073,-1.24642203771019,0.527174289717783,-0.452359254548225,-1.26408715205026,-0.771667794137341,0.300876899953876,0.543673260204114,-0.640019213431852,-0.709164676821805,1.81583453247613,0.151846773912103,0.607235596271118,2.61059787721264,-0.917863050393763,0.414010764352211
-0.663205484467736,0.263245688689725,0.451753813441436,0.127415542778124,-1.37318262222976,-1.49312927183792,0.0498966856270634,0.682374273119948,-0.0504838478616454,-0.68087163146599,-0.102091800116906,-0.678205075037836,-0.433174652810476,-1.68212483592323,0.0611484724413014,-2.08372138753462,0.093305216032,-1.67877221625893
0.481613396503696,-0.207069349123416,-0.834934240713969,0.0673289054780888,-0.47442541230353,0.209358143771952,-0.0910079253666959,1.34082923505595,-0.387650662082757,-1.11895028209407,0.111284183616501,0.713277420173522,0.764605318372497,1.30513403258178,0.603182614871441,0.201233571073547,0.713918280677703,0.626549625910703
-0.341379652085402,1.21045282451683,-0.400733519025933,-0.990200171610042,1.32742784878682,-0.125595308141399,1.68235164950877,0.531226320768185,0.820627393604774,-0.483932872883605,0.204227771419315,-0.452683548765136,-0.708124000577676,0.841644633899796,-0.703628290358532,-0.368514108100278,-0.769380708102237,0.222556726640351
-0.354486689462865,-0.0921021041613836,1.0522079009091,-0.185654289908045,-0.876596605469121,0.668040481020528,-0.262701662369823,-1.20501464778407,1.36422187666557,-0.135776489680386,0.485554274720486,-1.00872040568955,-1.35641133540523,-1.03083793271778,-1.1296020634979,-3.16200008016719,0.00336499579040733,-2.06926980275413
0.935572415480534,-0.374572502856476,-0.0130530297146171,-1.55682004593035,0.422856162590049,0.896388160145042,-0.943681819649364,-0.771431161627423,-1.2155101747281,-1.84443883551337,0.57171881233521,0.883693759929497,0.756826104184004,-1.02094950540802,-1.6457574995313,-1.13607643673135,0.543612343609385,-0.533410733989894
-0.567942925149012,-0.0202148609202309,0.940857408371285,1.1955755579493,0.70062385564903,-0.38578926977037,-2.2566541838267,-1.24994551845128,-1.84381380402151,-0.2861652034559,0.781470475884501,-0.398005532120754,-1.97057670127544,-0.32272513436184,-1.35158049514742,-1.84744410453838,0.483143155826011,-1.71147670695006
-0.206268595334575,-0.575113539530513,-0.340118288512475,-1.13992204490155,-1.48636109822767,2.06754319069064,-0.342443447864122,-1.67869412571672,-0.261668515058713,-1.55413819451675,-0.610786429432546,0.0171297345122134,0.503888922681456,1.43923274873118,0.498889865949341,-0.757398360616007,-0.248923385493657,1.67822828729067
-1.05300219057926,-0.885425117790748,0.26337901250649,1.1555931682835,1.7644403284393,2.13930171182619,1.08073112411748,0.610166821350275,1.2590644855431,1.22857649143938,-0.240031303684186,1.2396254012321,1.94160294763022,0.0740405092559357,-0.4194799165496,-0.942054679552986,0.86375711062642,-0.858178208494247
-0.597765790668355,-0.255635838278232,-0.592924316262983,-0.248972751145955,-0.371475149173401,1.22716413718599,0.0704160759046563,0.157250954366591,0.772682649012783,1.75596335719525,0.762895083443012,0.89438027534012,0.291620708446626,-0.760421207674663,-0.470493921419116,-0.950998022695868,-1.74213942261944,0.447921773477137
0.507017213138306,-0.0970440578592772,0.335156334798548,-0.450187470640693,0.92234740569795,-0.057378029703,2.40267734083457,0.0398002859284925,1.04771228810373,-1.69526580518068,-1.56720819029465,-0.0539582044355377,-2.21591526247254,-1.4543177223742,-1.93538527073646,0.805223798022752,-0.676744127585679,-0.362496952262779
0.389134224804788,-1.31879403575,-1.37162889531553,0.350387079706992,-1.05637819534279,-0.25662958231427,-0.993648134015056,-0.418108776012033,0.772929910926906,-1.27835178605278,-0.24891602135175,0.392326381751749,1.83654020574913,-0.561882159825575,0.56566668620787,1.59288778486641,0.010325449948856,1.31039450018789
0.0149920805351301,0.280484245084315,-0.655917608169413,1.38975582327903,-0.804981001665105,-0.924239241481487,-0.566508223727894,-0.483625154036047,0.0565079373291935,0.0867751744227612,-0.959373428522784,-0.823984092810415,-1.73864218757693,0.223214421360256,-1.46614772015496,-0.391983807410528,-0.683687663507407,-0.340053600177916
1.48161954884728,1.2142953737365,2.01459715045307,0.346191572998123,0.758117534103306,-0.0422523525911339,0.486809696353555,-1.22357673451685,1.69779347200799,1.48023957658591,-0.988776954268744,1.42717086870226,0.228389772099659,0.209047281214812,-1.39103396519414,1.60280339572719,-0.36010141450365,-0.512478263898531
1.10722682806444,-0.501851282289989,1.21951111720541,0.363213387654366,-0.925776074370715,-0.30224795375289,1.04028752493062,0.350406414037333,1.4702344283397,-0.58161315567768,-0.222436256186685,0.276573791362065,-0.478299658802926,-0.245101614637287,-0.639632724556458,-0.441827535314648,-0.246806135160385,0.0455577212088205
0.343846049843103,1.06931477521829,-0.101528811969541,1.20538723111317,0.715591640513121,-0.44448278551308,0.404554924381051,-0.113912574815053,0.843219819479253,0.905971501924521,0.943286922625551,1.02401113147245,1.57319066181396,0.951222089075144,1.28387980771609,0.735593359968057,1.45208529004284,-0.266907153674601
1.40638344835778,0.258924899204298,-1.31486691927492,-1.43547601562136,-1.12207828996076,-0.953247315986838,0.712615395138384,0.208132859032811,0.355289837080959,0.752958646327231,-0.232995132746191,0.237752182538124,1.27703063888555,0.660126318704873,-1.05580490458469,0.957621529292504,0.177865474244995,0.329132119831979
0.856323549633394,0.831902227029157,1.18077282401836,-1.90758747093716,0.1568226378157,0.393297026382055,-0.767426691086612,-0.255026731716339,-0.71760853615955,-0.189479702258254,0.226914735632706,0.251915804529469,-1.0614913617285,-0.883557500191645,-1.68014517354763,0.127968836051325,-0.0831068000752694,-1.09798549589196
-1.53732764005676,-0.380215486292398,-0.146333825089774,-1.69528938974315,-1.25407816742269,-0.338746841480344,-1.16469440938633,-1.98754754273209,-0.797300239226459,-1.79234784834244,-0.37046067494477,-0.420090655576219,-0.653901076607295,-1.45106112368006,-1.17731545346815,-0.0423301125614453,0.834888554317208,-0.996849018286264
