"y1","y2","y3","y4","y5","y6","y7","y8","y9","y10","y11","y12","y13","y14","y15","y16","y17","y18"
-0.228627614183426,0.436469745800045,-0.106864918966683,1.06854916616108,-0.603064007236826,-1.14441903555289,-0.875715030317944,-1.17666068545155,0.551420635919477,-2.09493919952,-1.10462119541799,-0.178817420725582,0.459424980716829,-0.459709434678975,-0.316247317235891,1.88721431774494,0.495902856957479,0.523158014552922
-0.0676685843791106,-0.275792910614425,-0.395247756897259,0.603625329665115,-1.14796721629232,0.225173037359007,1.38769090760009,-0.0826091412616819,0.421056382571661,-0.268313545493625,-0.582704671640763,0.495352012048068,0.646755780507276,0.854216205283636,0.470152826305892,-0.886876187098796,-0.663531130730183,1.11949297343945
0.440299645251884,-0.232099499309216,0.426684302625332,-0.416341972362373,0.485986820831378,0.114177676823091,-0.893261767784238,-0.0358283142385131,0.0952949259557886,-0.858557626822689,-1.25809437879342,-1.08761041527498,-1.94528168589256,-0.988901598608943,-2.30064061877744,-0.366304731869798,-1.03276666655669,0.0778119907610899
-1.24135961863088,-2.23319426331668,-1.70121138242521,0.525660136403143,-1.44936982904239,-0.725477731427172,-0.784844124793047,-0.436632868704425,-1.27108618964874,-1.11339960674576,-1.15662501585689,-1.4903591848483,-1.76947370607097,-0.824727582369511,-0.21293701525886,-0.6915481721368,-0.870373830455699,0.260375355909687
1.30627787560573,-0.0320735837563361,0.769552337321202,0.623570097348453,0.0220788829629705,-1.13180665236921,0.391364801715707,0.352535270731015,0.281192864166551,1.28512253463021,0.23345724616911,1.18887956031941,1.17619328843225,-0.972759511890822,-0.0193516631168039,1.04408806845583,-0.286877244346834,0.769713348127232
0.351584542570537,-0.701214191798545,-0.990096571221647,-0.981243377125615,1.35752521212339,0.399416564096228,0.136441039475386,2.65156217930081,-0.415514566904537,1.12550516705436,0.502053783071697,-0.637279449177812,0.876581639952161,1.07851020134196,-0.217402958289461,-0.630596188678786,2.72083590495549,-0.977064463718307
0.340341196055236,-1.23262106750297,0.538696402917143,0.911498784313402,0.396382014662442,1.00728651083453,-0.818535497686473,-0.730542573366513,0.236464974250661,-0.506456377675348,0.611412387328467,-0.0794550247060428,-1.89805540985106,-0.400863047400591,0.423134759927679,0.00692458629367426,0.218394781153971,-0.380032476221855
-1.45429336478815,0.418943974721534,-1.25528112414646,-0.131970442629005,0.0587349857264659,0.379376238077725,0.0804039926515909,-0.121695487255844,-0.298561510724163,-0.222560438683557,0.353887081364504,1.15513700770943,0.682316290538226,0.402698861080007,-1.25502488945601,1.5790036351219,-0.562965891043826,1.74094756539227
-0.186676254585008,-0.617552649395985,-0.880598499533962,0.124912019743972,0.872041276710165,1.02786711529734,-0.720227567632517,0.69370976467961,0.270532852860425,-0.794876524674878,0.762285709490468,-0.448599629059869,-0.0563149648469374,-0.831374148413907,-0.86920629678785,-0.19605106738885,-1.06135188989437,-0.300225005984939
-1.62149358324841,-1.37109716789589,-2.44983511315968,0.896898264512365,-0.0512497840428756,-1.87738511033485,-2.37459071699601,0.103501527404637,-1.94860536783722,-2.14994133619069,-2.52628166067311,-2.58043330525097,-2.1064586039089,-1.10350664215705,-1.42079493415996,-0.524174451963009,-0.374342886813471,0.0109374430142572
1.2284097997699,1.53455865793139,2.0900244465007,-3.21410620505809,-1.26537010522691,0.378229540137682,0.449355563121215,-0.399085143231394,-0.773359717175755,-0.502885413641353,0.856411205294595,-0.54768475443717,0.623805985860144,-0.557325613485667,-1.98226244234445,0.0217706176593101,-0.076789424762132,0.382986511006758
1.3965510892047,0.354060797561032,1.84906962402,1.32673441902384,0.19367789253683,0.657897357824441,-0.497141275331368,0.396046114183203,1.79371832958804,1.970864758184,2.04254742986181,-0.553738082382398,0.129164423095051,1.3100072747647,-0.57021609877213,-0.653899651519344,-0.73227847662304,0.288893025212961
-0.452963543683713,-1.24136938159168,-0.243291056360593,-0.0387297406786339,0.718866241567283,0.751595083013905,1.08472950540217,-0.97493344632897,-0.791082671337681,0.624904703479492,-0.349734296627459,-0.446743980797281,0.0517773259890596,-0.684579223747209,-2.34043164409735,-0.883543200855651,-1.08856100146835,0.417504515791014
1.46954895412448,1.35907360370616,-0.986542475930283,1.17668608302359,1.74314297059216,0.831573931056005,0.824445114333779,0.670276404533378,1.21311598026272,2.24671581800815,1.07261131220912,1.34807229059065,0.297484735031845,0.227250658172246,0.463168361499009,1.41322311058964,0.890087707047333,1.37217458087734
-0.54808587354586,-1.11424556597287,0.360177187204145,0.934148561714572,-1.11235905943182,-0.518982930817412,-0.808125431088465,-0.484362279721972,-1.25507882187088,0.414695100884981,-1.19755626950184,-1.98462384090665,-0.348311452318054,0.51430938601228,-0.0655354776306699,-0.636505529321804,0.0178258318939278,-0.0590487761903945
1.64288374848376,0.972827515321157,1.3854096605372,-0.853135437615498,0.614116260880934,2.13976814414416,2.2379819910096,1.41854905367782,0.794200819012822,2.49045002917754,1.42420581613832,2.64480212579632,-0.38284137490481,1.10732155669891,1.40824201453938,2.12486371123933,0.290390045978603,1.43561564527097
-0.273829078548454,-0.991813209760874,-0.0806574873664789,-0.935968721894442,-0.818864824426732,-0.369458788341434,0.984834440409636,-0.506136708924716,-0.755812096189878,-0.922003574145276,0.732532631580298,0.807758129323698,-1.34658697547292,0.397564265814039,-0.18355839740509,0.135716462059386,-0.34730542406217,0.499713013111267
-0.0466087671293564,-0.696038160624692,0.431633864059807,-1.17282422314213,-1.00749581236667,0.995590893024525,-0.0507936004674057,1.85022220948835,1.63597660805287,0.343156506300974,1.14173453001031,-0.367948563324522,1.10565311832571,0.84620043222706,0.618378263128999,-0.0536870816110977,-1.81089770192138,-0.228515788817381
-0.289982818715671,0.25372571176552,-0.135401780615469,0.677937891118265,1.16602234965576,1.67281933355934,-0.577233745959666,0.806375439087255,0.833648643201749,1.34315581637298,0.483870357274775,1.12481019827722,1.3521149631731,1.07459907745852,1.26760818458554,-0.769453284959733,2.61368514585654,-1.29972677176442
-0.593172055260813,0.250924573365622,0.315446240297788,-0.0323843726534812,-0.922134792406618,-0.10499433563783,1.02968005262836,-0.5960271471797,-0.703881068155363,-0.949684875210598,0.491610203670107,-0.608334807342839,-0.0729518851459284,-0.942878358779654,-1.54238424025049,0.832129200313776,-0.249180673192227,-0.596764540735137
0.678494241474444,1.79088151436104,0.32163506413898,-1.08043481153506,-0.255923537399344,1.58018157433261,-0.516082348927264,-0.402515320926574,0.176732435461174,2.19810941722423,0.0894397245002083,1.36084395243928,0.269056500248343,1.64914360574802,-0.0306501989557329,-0.511906376209678,-0.732446097575214,0.203122651785341
1.96781410869557,-0.0501521473625318,0.260134510274933,0.579762165284634,-0.452641967432483,-0.575429857608418,0.945768662662493,-1.05948137251245,-1.28314650591253,1.25043691233465,-1.05168942527124,-0.612396026181507,-0.636008437734906,-0.636751647879441,0.779259931282243,1.14063813019054,-1.54477623055491,0.974400600299734
-0.757722097871299,-0.171159872043076,-1.29089258758402,0.500209536988451,0.661454320781807,0.228058261324169,-1.38878520517285,-0.799925811112988,-0.86532572723884,0.0330867978080659,0.0977269776158018,0.805663557575938,-0.294620057004282,0.749961339973177,1.39645184012848,1.05214599467387,0.752438706578264,-0.952290501075677
0.474197293290812,-1.217051247589,0.0304312751901377,2.09238574859591,-0.867476866187691,0.471101690981432,-1.41996406621187,-0.587889321478546,0.975673857590142,-0.265252044312014,0.90906429089449,-1.38129968514572,0.497419056982771,-0.328396417076221,-1.49841749313926,-1.60336630633274,-1.64560323061288,-0.479128973968182
-1.7613928544311,-0.313673578307102,0.197987699066564,0.198068853260853,0.629836551887832,0.354742860860495,-0.71127915782774,0.948216720089264,0.55241112065459,-0.40763082820881,-0.163060273723491,-0.200698170126113,-0.146682459495815,1.20014889542848,0.573167819976687,1.18750563814307,0.282322268688209,0.0994133507724162
-0.906852800818299,-0.770707287167778,-1.69410829383921,-1.56610629213173,-1.83879008216262,0.133838579585689,-0.280431741362586,-1.08089609360642,0.00814372617297047,-0.00478668826181327,0.773172765834743,-0.610059806471598,0.824675475266522,2.43250684340423,0.926393470614261,0.667395468393146,0.107738685232706,0.619794398864819
-0.886763787150957,-0.153024853484908,0.925212851730911,-2.01379000700227,0.502852663196653,-0.809355018622736,0.731668854271735,0.334103672368651,1.11821519678295,-0.369469852490582,1.09935052665905,0.00645132750954162,-0.311806824220837,-0.28460102538031,0.536428084703505,-0.114982061790164,-0.598635989307218,-0.244301193462903
0.0083868470022106,0.243907131746802,-0.557661462246137,0.10809310822382,0.141756344175465,-1.02999320085993,-1.32628416940673,0.880413820420767,-0.0366334006523224,-0.186184260835375,-0.147012575673946,-0.504116828359723,-0.742579345775091,-1.14455169293824,1.02279954510178,0.330120650856289,-0.437293869223509,0.834474311502238
0.0080643577661732,-1.12301605817976,-0.930303333685614,-0.169472599555168,0.632585500901408,0.648470198798711,-1.01093808631264,-0.117720262808299,1.17770501369016,-1.05190135507655,-0.727897774871351,-0.237893310153916,0.386298779048176,0.558761989552386,0.0354852723493852,1.01500514345092,-0.634959556017655,0.869881331041476
-0.495954124884576,0.525699982484051,0.869210853657575,-0.274591025830516,-1.11016271178584,-0.875775569273242,-1.2304484268679,-0.787466089959738,-0.0201212474569409,-0.729823890262645,-0.410179015073593,-1.22929984423953,-0.366765652288205,-1.52732852258921,-0.80134511041546,-1.06442323033261,0.0563549434213518,0.308943390043209
0.752632395026939,0.398815983136732,1.50279176046427,0.693881362324049,0.869734050745678,0.0991117116985774,1.99939311582366,1.57414180980066,0.510607552394948,0.530990732874925,1.28503749447992,0.531093777732635,0.78489634243776,0.406774894596025,-2.0763917021778,-0.2605318469535,0.473154441052546,0.0100916561638803
-1.20509029550483,0.361836161052382,-1.65770840729159,0.0734757404694833,-0.175937695252799,-0.603864986799167,-1.60586826919492,0.74123100487227,-0.00993923765056933,-0.714131774604631,-1.62785765990295,-0.0861891275941625,-0.0844836071712925,-0.464530909904188,-0.0883924220131369,0.809563345698404,1.0931308692681,-0.102398321944952
-1.17779434580514,-0.558505071595009,0.133222571540905,1.01252351987794,2.68243803527377,1.13720858135562,1.10081432565913,2.21398189729899,-0.206477349732863,1.13047728384098,-0.420063515953262,1.32434925279311,-0.525680592390839,-0.122527842573196,-1.7070991038946,-0.852971858950729,-0.689906916040305,-0.630822101152172
-1.05889748257934,0.582409546687567,-1.3498126244065,0.199380463453626,1.67889104762962,0.673338847929971,-0.0304501726370976,0.00843632462688724,1.23274499154796,-0.0829283419844497,-0.602468468553681,1.15350084751027,-0.216826287182206,-1.16246879466682,0.639260704263754,-0.301780293314637,-0.762199026364832,0.534722473757144
-0.25321323947452,-2.16936844766015,-0.638592341911784,-0.517823279015265,1.03183226772682,0.814289681908145,-0.926035626609519,-2.40306698439681,-0.573929717202091,1.31763410134411,0.772890928177862,-0.838660766865732,-0.022407093785148,-0.326386408152134,0.891161006203947,0.154636496678554,-0.278940962016847,-1.16408792319666
-0.481097938115429,0.0497864122756538,0.562274706080383,0.0485776853636335,-0.465252486290664,-0.183937457646387,0.202409959748151,-1.41209231635421,-1.50769426163664,0.168437508283413,-0.113507436059187,-0.0690809938271173,0.466255791550842,-0.585458686893806,-0.209445243185541,0.987798934530283,-0.609946564331089,0.377485121210754
-0.0517812303867979,0.487657319511938,0.507097817704815,1.77159999880966,1.08060599524053,1.06106844732701,0.993234289636537,1.30928193017466,1.4841396517612,1.30474668459568,0.265662534214105,0.369178169465689,1.34141622883058,0.54213725756873,2.0725701202445,-0.189112116968505,0.386608378168552,0.406208514622678
-1.33573771609962,-2.80815882912224,-0.908388902105002,0.293319075122765,-1.14503200350694,-0.775552991329203,-1.44514024978091,-0.040729757025057,-0.764964022710299,-1.28754685061426,-0.818775879912828,-1.66825288256992,-1.27829932184475,0.275006130354889,-0.526685958297417,0.796026318389647,0.343551043997168,-0.658912228560944
0.68883501182421,0.888031045143526,-0.479274146916724,-1.15190497311868,-1.63346169256198,-0.024241829091264,0.0482733392557239,-0.133848743000984,0.549196548971456,-0.78853795110632,0.692788089323122,-0.446403113007182,-0.733802851762463,0.644098802925996,0.229058589155351,0.136287531460464,-1.72879754144444,-0.465061951814807
0.642771004212197,1.31801435179529,0.650733472444449,1.32317520801516,-0.666070803162757,-0.72051870241666,0.142135371700585,2.13145266628362,-0.267127843701172,1.26293203188946,0.811508698607455,0.00355186662586132,-0.10087843757528,0.0388890325553537,-0.934015219876711,0.849350169003052,2.2851673350269,-0.10800233511386
0.115340986843768,-1.92998052758521,-0.48562103366432,0.358553367908241,0.304339271271732,0.616182831786191,-0.9305169200589,0.0610978833053271,-0.219471088751636,-0.826639022538662,-0.605629955556683,0.846570306196441,0.164822581455741,-0.0385683912579868,1.96454497945681,1.08869953272642,0.980839442819793,-0.177008312524818
0.228994425938073,1.22557518929998,0.927079203272069,0.754454940335174,-0.863670552951365,0.153479974474648,1.95990895958694,-0.730208574162029,-0.0444431644015279,0.494317534292507,-1.00150547839014,0.507770143612672,-0.371845745942825,1.13862372444462,-0.853453498264621,-0.0677162697332388,-1.43509787322865,1.24284681790029
1.07965703108193,0.512831084682524,0.887513805969088,-0.965226965860082,0.580274640604112,0.792820474590867,0.679807678655859,-0.31512951091809,0.264630729860815,0.20670605538628,0.312387903359688,1.19538828527692,-0.26366047816006,2.3224452196017,0.868508865167174,-1.76802303556526,0.606372160950068,-1.29376835551204
0.348922969558207,-0.730800964030064,0.653519194711355,0.566527776157769,-0.697427419603215,-0.000463028824728773,0.401905018421502,-0.3771824863178,0.184506731640785,-0.845452264524733,-1.01567095325473,0.714742345929806,-0.330848075373421,-0.183696265694605,-1.11573991641544,-0.0461252615885965,-1.29255744726924,0.2759292787285
-1.43041281502649,0.423785522136603,-0.268366320698252,-0.195190297890753,-0.172003940147424,-0.950833872365387,-0.380243667543071,-1.07634457457445,-0.290034198763579,0.500421825066615,-2.50845643326927,-1.73056536684994,0.131560204535679,-1.35424053745385,-2.2281750028127,-0.367216115552049,-1.07909320807124,0.906340265217099
0.723529953061547,0.427853610416775,0.533684476079147,0.294818182548795,-0.364457506954277,0.411019779012783,-0.125885115072574,-1.14453988657321,-1.01996300159845,1.2945041594139,-0.478907636463656,0.397330631729515,0.635323732967383,1.61469274458136,2.03807852551231,1.18311209601386,-0.680648891724388,1.56514768922906
0.292645981202905,-1.06243487956889,0.807211440829857,-0.107629541739539,-0.910155897683737,-0.157356695050619,-0.654807367677298,0.368386566747105,-0.807654460022809,-0.0478371109865002,0.290956788840478,-0.257068924191495,0.89765108162407,0.882149203003436,0.641117730215036,1.03528138307149,-0.680183713916612,1.00335590466359
-0.304309140839902,-1.506927740031,-1.58027262979756,-2.73551640315836,0.0956805742080317,-0.135735299176747,-0.46697062060288,-2.06286816839875,-1.31505622067384,-2.5771384909212,-1.97210408769374,-1.38040435519057,-0.786740718472526,-1.68313890289087,-0.245304633040624,-0.504395408055005,-0.993743555821294,0.065710103800178
-1.17548985928993,-0.620108776368716,-0.194309996324198,0.368041655217597,-0.577900710330928,1.26774981821623,1.18776858025176,-0.954892783273509,-0.574595443714359,-0.394990259260775,-0.895202155421664,-0.693904245707066,-0.963723721052073,-1.09137073509141,-1.11070287211016,0.177154505924192,-0.170756213239302,-0.541226672455048
-0.975689667795853,0.301481946484494,-0.000274972179504024,-0.857588642611193,-0.758046020023778,0.574056346571711,0.516683935828104,-1.02850213685306,0.526320499051917,-1.06062271266639,-0.927335042222588,0.246700851901077,1.48491461677941,-1.17534327708397,-0.246355937027917,-0.27140150390152,0.592651921654953,-0.298827279131796
1.00881585923236,1.60699334106523,-0.299077038174922,0.309413541231435,0.152298220978518,-0.16132261660297,-0.708759906020932,-0.200277078151049,-1.7285681756609,0.0413358613830209,0.12566988963931,0.526825684097693,-0.599204898528624,-0.312170838133571,-0.148456111237457,0.730243234356548,0.438455163940008,1.00594685618624
1.03450045383781,-0.338543360296973,0.388184982634966,0.494944205040552,2.37113574880565,2.13355424520047,1.33197757830749,0.720850662450134,1.32874970191063,0.518628455670188,1.94594186645446,2.01245171641555,0.816880119764422,1.04242693318406,0.517342576217021,0.116887565598232,1.1486299044066,-0.296603395164014
0.168033493928613,-0.582492398093989,0.294704844349644,-2.47234292596725,-1.12892664674352,-1.07550252447258,-0.844917686391481,-1.56837590796887,-1.14759656516529,-1.8665790131398,-0.385520763268771,-1.80179062138138,0.496376254774345,0.870684173424697,-2.18459820259434,-0.74028227865952,0.439958554879827,-1.26563285144325
1.03063757440517,2.70389777672094,0.995205103672122,-0.63674575986724,-0.908908930581032,1.08557753562061,0.157247193735409,1.73681273293268,0.44494315650573,1.50742147912229,-0.0965164387494991,0.381887441193782,-0.877510794268645,0.252440126472321,0.333818315095186,0.265601374186077,0.579992864991272,0.549356693100302
1.33432123181234,-0.0148313717686988,1.35101040535145,1.14707987283774,0.306871393424786,1.67872355554872,0.821184374688784,1.45522217173662,1.11671970746187,1.57838459974918,0.00626246216120529,1.81373937033638,-0.197218473531449,-0.606034072870643,0.0288654440363256,-0.313242838053009,-0.372808065990079,1.12475320996863
0.453058341834695,2.78132849051378,1.77123740457906,-0.96598594773033,0.314162246278375,1.58951506096686,-0.55514971527244,1.1191302178024,0.267004688459775,0.176351172841268,1.95009704844374,0.940615927731255,-0.965906513016722,-0.142469289296419,-0.413529933357436,0.0966605055543725,-0.467492530107056,0.717927438126225
-0.550110956837454,0.555254746637557,0.240838352721337,-0.0720630726718663,-0.990089270097576,0.0973288513421196,-1.73428885886144,1.38390037111917,-1.61876240462727,-0.397055392338842,-0.899690861890132,-0.147692319355841,0.693273033143941,-0.546508655757046,-0.877235601347842,0.147167326363686,0.210248065250412,-0.148571748368043
1.54208420915239,0.270209344965378,0.440429775146415,-0.0259850840452171,-1.47276624458943,-0.677447401581461,-0.247533122594294,0.479243092753114,-0.00848600472490837,-0.962466834800541,-0.415350922950801,1.29414469757559,0.658171988673468,1.05508229601141,0.0467005097121337,0.900662082873999,0.652484966052313,-0.476378882808781
-1.16497083687307,-1.02622364629524,-1.70054067726575,-1.25916809807922,0.144096066612109,1.23588337735323,1.55266680458173,1.063099385707,-0.148318667810318,-0.119685828136923,0.0593484571831927,0.781912363795895,0.988718490697199,-0.0405755582421087,0.353286058621077,1.17461217482407,-0.630412238745997,0.0485431717775282
0.223526401407704,0.89197165623815,1.40124374830652,1.78442094388607,1.40490466440504,0.533743955519969,1.26801447601523,0.411399765368322,1.08473048119124,1.94690024331325,1.02786913906928,1.20150984642327,0.769174013641161,0.124858827388885,0.426167185202852,-1.34489781777323,0.891523636085545,-1.37717060140497
0.752159513699411,0.616629950034029,0.384855589845844,0.0614502635947944,1.79088657937938,-0.104013019218603,0.849642852570829,0.0641328569158246,-0.519180361216317,-0.540783296269551,2.14673670567374,0.540501639062,-1.18430178421472,1.36102552396878,0.2755623484082,1.08200004981177,-0.182187100896053,1.02033223343843
0.873331090665692,-0.55035776869121,0.0119484863439374,-0.0843825928015152,0.999468119929852,1.47592443237457,-0.510747394672422,-0.0212581685274228,-1.18481503509976,-0.320063795136714,0.386679856150779,-0.107185059944042,-1.3012885245638,0.0838171643423363,1.01869559384539,-0.00968944188630762,0.677130390997579,-0.0425076320906122
0.201194465701386,-1.3904459517338,0.73641297225089,0.0860092968232158,0.35216151101309,-0.107091407776312,1.48682195695696,1.09253843880918,0.834438961097568,0.135298149670609,-0.172340307284416,0.789488597318443,-0.907115909406316,-0.682502728244619,-1.09525306673842,0.449225118114515,-0.566010718159916,0.329136977986245
0.780485422318155,-0.0657713519276929,-0.346812529066063,-0.511533128954416,0.0426234266225957,-0.332436094330992,0.388304646243122,-0.238483887344233,-1.33448428723339,-0.125560895845266,0.713736368181608,0.522535486777926,0.813559149754597,1.3777705919144,1.81217212578721,-1.09905970396055,-1.30560868434885,0.534051428824552
0.802902671441144,1.69786595749379,1.33028029252114,-0.509666764695741,0.936926161730744,1.25917007916583,2.66824659563026,0.278357203740889,0.842906631828245,0.143135893114321,0.273620458613829,0.673904618718757,2.23263340677322,0.653568212593779,1.32601114680686,-0.0318628559221531,0.261632586698658,-0.116155416168247
-1.69206994542375,-0.850185023799372,-1.54487455172138,-0.526315768630861,-0.640661314253894,-1.94003125930598,-0.213632244010831,0.262316178762934,0.280134877275356,-1.220891138941,-0.24878482505541,0.0993762854790406,-1.23230467412075,-0.858930253728353,-1.36874756599247,0.19872033076087,-0.161709743815777,-0.0756770228822611
0.70816526802617,0.227328473460342,1.33274665471199,0.531403121521926,0.4926331812784,-0.797918239108446,0.361847608511084,-0.410890953055433,-0.218304174934425,0.450030498509737,0.669027611678225,1.6141270515389,-0.891634294596998,-1.63524302462898,-0.303538684296892,0.24202480763581,-1.29310058360871,0.0474943307063376
-0.13841945718118,1.6997611065448,1.43590699397169,-0.354726801627164,0.427403997321204,-0.605625834646919,-0.084996290875902,0.358058883079266,-0.565919899124013,-1.12152530448447,0.046214257017532,0.24701419812741,0.443095980821519,0.564854931701397,-0.457275067068486,-1.00903703174381,-1.38492953589177,-0.382818778131581
0.46313228644107,-0.359272906084734,-0.0676533315138812,-0.489687995615284,0.049575639737281,-0.672793636372853,0.482982549965601,-0.367471288901019,-0.743518619422599,0.234318865169933,-2.42417526512896,-1.28310690331187,-1.26038827279213,-1.0276744004235,-2.57810334844163,-0.290325987276609,-0.336501911631374,-1.35029963644056
0.326888705525841,0.0943567544153649,0.159076342224651,0.568576302402278,0.28537173103954,-0.742799488764292,0.265695111123148,0.31317515905306,-0.0321073689962289,-1.083633277149,-0.326373531671641,0.694510457272043,0.313362428551098,0.722385717757201,-0.977528557641919,-0.929435588251308,-0.265367246614115,0.107798571344256
-1.3550199083698,-0.530741605225779,-0.354969446684911,1.05722267062838,0.0316213052851029,-1.10572594743462,0.041449925115492,-0.590486578353097,-0.413294792805347,0.406556822699754,1.22497079023982,-1.45089379058935,0.0309102337060522,-1.28636344299768,0.849590111562546,-0.820069777922672,-0.170915399255816,0.0853688833992098
0.636191799422484,-0.707890080570062,0.0341450554366603,-0.042322049682786,0.138132262518061,-1.28654844094361,-2.18930016956504,-2.39387025254727,-2.17472793805045,-0.606589354888161,-0.25777842742262,0.318160670331839,-1.0901010005056,0.376183810151599,-0.294906259815395,1.41269343699223,0.376689937017046,-0.919585097480917
0.565272784641234,0.0250409092284389,-0.547923729267695,0.902734381534894,-0.767728459060376,-0.358649072684662,1.85600145895407,-0.870233994668349,0.929207125803236,0.572157616802419,0.32588545989641,-0.269402546614678,1.07228864040871,-0.281692746052171,-0.350415831976928,-1.20271148219462,-0.668064607319423,-0.257379222460159
1.37971298134469,1.99477387983936,2.24062148252614,-0.487556856272298,1.48514341011061,2.59164866033767,-0.320464826915114,0.567000021032719,1.56536431444807,1.96597284840437,2.80632730606841,0.945871003160465,0.785216628076593,2.4609609665595,0.187721892780426,0.254816272672965,-0.0643807955379874,-0.731614826985477
0.64117164491739,0.667134969847778,0.513689066502961,-1.01777510776741,0.103115945132041,-0.477841512625322,1.13425366727104,0.0456651573049551,0.317314272291332,0.470916668419812,-0.686899008713188,1.12033222449584,-0.364095194705254,0.362476009057664,0.78098780212621,1.00987638607778,-0.881932780903714,1.25537557122946
-0.355174353406111,-0.570033716358951,-1.39604462556173,1.18067740901567,0.466889709212614,-1.26348052693135,0.54729413978892,-0.476498575046123,-0.560447632412736,-0.919419845354466,-1.18652601138775,-1.12018567030928,-2.25962294875472,-2.67243452266426,-1.32743047473105,-1.06173013904877,0.333971703995309,-0.506975049791911
0.691001863916297,-1.08744906170237,-0.537373989711224,-1.6295129989301,0.833911390310996,0.0345109595914192,-0.0805061549965024,-1.54789133952739,2.23845885330646,2.02139274277684,0.405657131516054,1.38043908950049,-1.28781764787145,-0.817307128203003,0.590945496695365,-1.29508379663159,1.21348638044179,-1.52191408448635
0.589078028887502,-0.709806409288052,0.408204551973712,-1.81662796903755,0.44095186887889,0.295233128907606,-1.02275499598905,-0.172962907171044,-0.493601162758715,0.0795156851274864,0.152535446164761,0.617897414364045,-0.236199136672454,0.556133842954133,0.0260776097011875,-0.156357748812703,-0.372360570251076,-0.232938482240527
-1.06505787109337,0.794826759608327,-1.15892900628527,-0.153806300141576,-1.17165719769088,-2.46206143145652,-0.454515583349594,-0.439996023119848,0.526555288353469,-0.385507189906051,-0.739384419862663,-0.666404356767064,-0.285488758619297,-0.0110689933268197,0.131490314632264,-0.744475212530412,-2.01729634651231,-0.810423457847859
-0.123557508736616,0.374431968136591,0.618741955981701,0.953948390982352,-0.356172408170106,0.245948471293208,0.457434254914139,-0.322712771047121,-0.642722366705508,0.329039890944826,0.26246295890838,-0.274219649566386,-0.169588494575214,-0.791895833937368,-0.872508121400545,-1.15634994082418,-0.49975177340195,-0.126362593222517
-0.768182220791164,0.0271858357883945,-1.97771778441088,-0.236972665904743,1.07849910282112,1.53829842870172,-0.436201728270704,1.15821782560496,0.286165719860647,-0.257798569767107,1.24821105836542,0.128796805768264,0.489434878168509,1.0705232606442,-1.34084695212211,-0.742703467255055,0.475322901982111,-0.353057590622471
-0.172814264892652,2.480702704939,0.559650017680364,-0.914201603053237,1.28639939676799,1.34098983648676,-0.231607117922938,0.664903927476515,0.0752140834209056,0.902084538799073,-0.295965384039319,1.27717370115267,0.649824199788425,0.10450869956018,-1.04251235186428,-0.479288632698453,-0.694712509361634,-0.470087344860394
-0.695914084319472,0.985055977150099,1.31643414058845,-0.92017780829669,-0.0932493498715626,-0.970276880269591,-0.942217117272931,-1.21998393774496,-0.667724016629421,-1.3579329485535,-0.713353384890321,-0.216879969398715,-0.687004734215055,1.04721308171517,0.00751401893038944,-0.0582457261599135,0.442837820850934,-0.537853683310197
0.898799616112444,1.85520567129294,0.314591189740548,0.146075995790735,-0.0182264389763508,0.418795136312051,0.483683342042182,0.759244370741251,0.974028812337812,-0.775759577671814,0.171073370356031,0.613020723724161,1.039766065141,-0.837433077896767,-0.719820385646873,-0.988212653607528,1.11676593411861,-0.212997445508576
1.18135285517916,1.87355617881836,1.61856208593518,-0.381119703095712,1.40464357230332,0.885977811217809,0.709449096744939,1.12456840262054,-0.156669394466742,2.69995033211018,0.739365031004305,1.85991609630642,0.888902804497021,-0.327463635159704,0.063931393889381,0.589729583066001,-0.36011828447673,0.731098731884637
-0.556968690036505,0.219727024214232,-0.187424042843792,0.0488470989030644,-0.290197010114769,1.61124983745884,0.543462386274372,-1.14196665580981,-0.005988339577498,0.00868655987919771,-0.59118049977172,-1.39527416277185,0.765044632812873,0.985180059952351,1.13198408968217,0.8102472338234,-0.428298516532094,-0.283289598974888
-0.687752107518012,-1.23664893325823,-2.47648922896634,0.70685962449242,0.0386837013324933,-0.834153436682333,-0.688952093862251,-1.34997723805022,-1.66459130883271,-2.27184283755191,-0.868757869750626,-0.851364224485357,-1.83670791991674,-0.545303408551435,-1.50346375867424,-0.869662782231596,-0.0185585065402874,0.0501243755430067
0.11078456490729,-0.623401853104851,1.10504332924701,-1.15817031887527,-1.95270473495102,1.11172177902324,-1.434199123741,-0.509111527215524,-2.02271394729362,-1.3687141118008,0.090744105913123,0.00211339029697881,-0.264427063919208,-1.99393483143072,0.390857962197808,0.432078680448496,-0.972719029306555,-1.26088541159477
-1.38539528876149,-1.81917929401944,-0.813363827816962,-1.72117209961402,0.127888686157175,1.19040629195669,-0.610934558775155,0.309701235122912,-0.986773705095518,-1.03704040898412,0.316504867152472,0.526387141389178,0.365334042099293,-0.250730846190613,0.75492321373059,0.997698788131697,-0.590645563568074,1.99294767717105
-0.487886281006578,0.660671820727593,1.20877708121846,0.0850510998247414,0.0888198821122327,0.443515336446521,-0.315422857816918,-0.276219347125963,-0.0393713400258215,-0.104012463175658,0.222940243524352,-0.24678808407256,1.3785238310678,-1.56696683152902,-0.638384521678787,0.814124718818391,-0.438338723483889,-0.296135179539379
-0.156412118139497,-1.46001386849037,0.202711195722556,-1.10968924489008,0.202709368051719,-0.262192688317786,0.0826591079828672,1.15930881927318,-0.273392338732201,0.614417554728088,1.09633320033599,-0.214814737154193,-0.196170084893561,0.800617520224684,-0.687309823570559,0.645064920507607,-1.65764966081145,1.4725778190295
-0.479075029496482,-0.0778113946242958,-0.899898391122723,0.498694376445249,-1.09478359403729,1.21177045730937,0.19918782794916,-0.872789550604749,-1.49048325445688,-0.696517501252367,0.624208096501088,-0.462489513291414,-0.992313169192822,-1.20572160160313,-0.425985450243677,-0.0412385616213029,1.15795643565265,0.107753895244147
-2.09154024419318,-1.6185118467552,-0.795405836825519,-1.80086081153493,-0.225515826967267,0.374970061901588,-0.967389486107087,-0.308083593353481,-0.171347530494433,-0.906722469850133,-1.32844685966149,-0.700850152264268,-2.58416445909577,-0.820278280316122,-1.7253360859084,0.218048074041424,-1.22356016740711,-0.556335390803614
-1.06718531365169,1.36096369725858,1.16006276981635,-0.847092724499651,-1.35627450567229,-1.67091897405775,0.64957756999347,0.764624367406634,-0.287130203733615,-0.713391501241891,0.280886803245087,-0.0631156042186869,1.06718069788802,0.484901273021501,1.41149223056237,0.498380639920479,1.43126393482873,0.252025659476898
-0.758358101410372,0.294260066320468,-0.126724661094978,0.214294835709393,0.608422471577487,-0.882607249400454,-1.6258225544393,-0.285711105073421,-0.655382687701673,0.0621784831286281,-0.626785671234288,1.14084619499511,0.240864447130165,0.150099078693607,1.99141758679752,-0.252192597936963,1.5467788849451,-0.375384057029854
-0.278153464047076,0.471195638986499,1.21107230658536,0.477685271028431,-0.629102490643348,1.05760571501992,1.21136380667812,2.55540002025583,0.370012234248538,1.14584421733389,-0.830844285573562,0.315449264192185,0.741436737819333,-0.0258533699325121,0.00403519648198622,0.978200014565117,-0.540374049742699,0.426878481190151
0.685788620823336,1.45438388986511,1.96274987014998,-0.209459704529614,0.502134029829022,1.64061938381062,1.12147885829282,0.895335489697293,-0.022521835474226,1.17518893138943,2.16060549201498,1.52532337404711,1.02472925079884,-0.387623505086134,-0.22496318300234,-0.0961909348896894,-1.02227350022752,-0.402765186856866
1.44956234247909,0.469352139510285,-0.148475729076768,1.08810945119281,-1.62422547082791,1.61779279699013,1.21133064171549,0.67836487387679,2.1950836810233,1.96515599770023,1.66431539071984,1.26370927869268,0.319934523421934,-0.684095714211747,0.455014897487046,0.0549348983028058,0.341517254505612,-0.280436843137779
-1.95817050814774,-0.546911408030727,-0.898087093051897,0.867056755600046,0.250382242040525,-0.698516115713736,-1.73112877497924,-0.820688720717045,-0.142535903915747,-0.746583310040843,-0.697152696935401,-1.30027968806919,-0.429967455021725,-1.06899542932365,-0.429238772734062,-1.582612670305,0.248780881553882,-0.466922200404059
0.176201460654795,1.29124149071877,0.691689860455705,0.827976201946569,-0.834621844344975,0.469865156194204,0.680774715693985,0.448994243356144,-0.391210265293872,-0.8138186659865,0.973619555830267,1.57292739697796,1.40192032672777,-1.14653135204035,-1.01414309553023,1.26055675396901,0.19635065286969,0.551431801847178
-0.990455672646399,0.243279905690969,0.477409527843266,-0.131649391951432,-0.48474310935215,-1.33883982525214,-0.288943199799032,-1.3386291610617,-0.237749220742607,0.516249550030137,-1.31576778999948,-0.39733062632653,-0.805929181912477,0.474558686432269,0.136497620730635,-0.157933776310872,0.379691369760734,-0.319160433725499
1.84333793572035,1.58991320746024,0.337807682905573,0.168305126305956,-1.49018037085531,1.04887047863361,-0.652555028409235,0.0506830120663346,1.96679297013806,-0.149826553080476,0.379714436250289,-0.523897307986553,-1.60622614363277,-0.379333377521262,0.424318728123216,0.327489094409955,-1.33157659925557,-0.659026088515496
0.858079719222813,-0.530767393876447,0.577847214679866,-0.151306036993171,0.92106383238157,2.51646781243455,0.997653463677538,0.134730602453588,0.395084270845523,0.856013912900432,2.0860574407136,0.388647564535336,-0.230506165901788,0.481380196084064,1.12194993911102,0.777965299858321,-1.90887459022382,2.56850516894052
0.0588814880068297,0.0283565376524002,0.241679169763502,1.10715935051452,-1.14194680996118,-0.771342348108378,0.555186505760809,-0.707893306824928,-0.48343501075975,0.21260217283644,0.379219259609056,-0.340827153600748,1.02435085004026,1.02802901723991,0.887878367160615,0.202727203740599,-0.176550786015624,0.199725116942545
2.25110244545326,0.910796909562225,1.79363130203948,-1.30482158010274,0.861259074230742,0.668732012302198,-0.740777439730816,0.973869945448635,0.0676477648032186,1.20120245091726,1.53118007413279,1.2116830900034,-0.451618809289546,0.685503234714848,0.774948641266179,-0.479717525479185,0.371870585358602,-1.03830502736797
-0.0890299562006931,-0.372582904682306,-0.870092654263336,-0.10830916337321,-0.555772710302925,-1.55990590023666,0.16565564706851,-0.113448022295089,0.437223938878308,-1.41081614405183,-0.860210310914841,-0.368174368136985,-0.982542621903499,-0.733371301098376,0.0136957268141649,-0.571811569511742,0.00519523984143583,-1.73153684515228
-0.611660682574853,-1.31546215001914,-0.843273517355209,0.898508425712216,-1.29820126620424,1.30347981805494,1.11256680262095,1.25983503592636,-0.276118899884854,0.698870733824968,0.409087711416257,0.0894744592913285,-0.28676533668498,-1.42114699975115,-0.579120125164936,-0.236456974741667,0.468701048599405,-0.352480261163172
0.26911074419859,0.275784045776175,-0.491583096800943,0.789788142744665,-1.71283085174462,0.503991852760592,0.378073058932728,0.767770327918372,0.0159676038484025,0.0598915230018209,-0.590836903811599,0.149359723635324,0.662690755602807,-0.0294339214954301,-1.24839093405343,-0.501339394030136,0.916497864115976,-0.610256621808613
0.375095451260218,-0.181606454120294,1.75133684098481,-0.0636848750381135,-0.568782087949682,0.113103743015187,0.728373694307583,0.0601129898168409,1.30382485017105,-0.675421360118336,-0.437976609621945,-0.67111616343063,0.490378500154126,1.9903596224624,-0.0709671680392063,-0.691845826766455,1.25187409735387,-1.42884825092544
1.82126146896587,-0.480067184262136,0.593123184033098,2.26374063273972,0.359095772218188,1.09849280536389,1.10079762999171,1.21706227053646,1.35979195659738,0.84661572719177,1.58500450971093,2.10610441462354,1.60139018648572,0.60234639575333,0.727775678906018,0.531003323535201,1.07718929842323,-1.06667542843048
0.528518723571952,0.040547682095647,1.72623651701429,0.112042938315884,-0.342883314186503,0.0669455221430437,-0.238325912456294,-0.216279098817715,-0.404326771994021,-0.630545986079452,0.888400789199053,1.25013555456537,0.258572157940994,1.35878169529095,-0.320380954286451,0.547424946508271,-0.713797147080185,1.26352913988045
-0.30863551959389,1.34260101890295,-1.21323255668968,1.64450805242551,0.391512865321424,0.600331176894944,-0.172277415796416,1.27884042956,0.819989906238761,0.212964598771438,2.01826136698706,-1.06472337824667,-0.697844922552566,0.803138393613333,0.364821367471118,1.63953092587497,0.472083313553956,0.835184290609319
0.944628415795705,0.430276646584914,1.2506997351144,-1.05561841087656,-0.485559729011942,1.87420200392178,-0.0926549261067826,2.17208139218054,-0.587483401010016,0.196911126762889,-0.252801147236465,-0.43909024207664,-0.618762721337357,-0.11869319003941,0.160354894567035,0.0507180037213384,-0.686425689524875,2.20447527454434
-0.0217669805318707,1.78870239494471,0.667259560738252,1.1023401358541,0.409092888888785,0.889882350486481,-0.0785006935361203,0.0574047049343331,0.491204345204048,0.57230552914244,0.188914289911592,0.839528687463533,1.12489906376453,-0.122397506639087,1.35960411786819,-0.0745115178011009,0.404640515680145,-0.685559226183875
0.488629366402167,0.620088256800856,0.0874838769976404,0.701903912319245,1.82615267469399,0.291740799525071,0.597353006882537,0.107082902570597,1.42510492428896,-0.926993056706664,0.082488684621099,1.68707222021032,0.316996519949347,0.209647228408309,-0.43411518600456,-0.676245523626047,-0.00679145325850179,0.398650326032841
-0.675215134905818,-0.343792048708356,-0.980661091048094,-0.0698505533923311,-0.617986411760958,-0.199983397819469,-0.344982616809949,-0.267763334426272,0.103531500232785,-1.69000798121047,-2.08028751738374,-1.92522446033014,-0.885360023951948,-0.0711937943737849,-1.62211354923728,-0.422056973219476,-0.0530902060745899,-1.00175153399643
1.60424781627134,-0.281575490559997,-1.78258550416313,-1.59792182416242,-0.467986067768891,-0.211909124744981,-0.275182344564418,-1.44025936573054,-1.10120980934713,-0.129247853373,-0.985805949089248,-0.830464087632067,0.854680890879661,2.00377298226267,-1.74634691897414,-0.542713467223503,0.752541058342398,-0.196716648516965
1.8547646222359,1.2872398680085,0.984985349355319,2.66996965215932,0.137768489172421,0.121619904132723,1.12733845831352,-0.862437706196771,1.85984389211334,0.109241803417531,1.0915780283626,1.73075551651108,0.0586871263837632,-0.350097310665738,-0.0350274267003597,0.0585522475693936,-1.59362285902556,1.69081749650228
-0.13640245743096,1.07437824688725,-0.841497110744595,-1.14677226237596,-0.640975105659835,-0.351689820179292,-0.696852732860292,0.0283295789008476,-0.577072165541891,0.858535110100739,0.571112251934476,-0.172968957577182,1.4770852753286,1.91536588748522,-0.582384685402099,-0.504714312401947,2.53817668668966,-0.969914101032894
1.22969590410939,1.38840700104806,0.29633048938367,1.03279811184679,-1.32770544505558,-0.426896373552402,0.895302020842677,0.329111137802052,1.4502975497486,0.613905540066362,1.18941724396042,0.407997682520577,1.55141610262815,0.966703509789377,1.1000081578523,0.625010284494447,-0.32506090378143,0.479652813688915
0.630179090629537,-0.0266734293710171,-0.337775203608873,-0.0658360952958789,0.492272736119043,0.576458040057208,-2.61794061183458,0.283292572437215,-1.78001316066248,0.0899431577533195,-0.465779726756726,0.288545940143226,-1.18752684131465,1.0474516849956,-0.928007580597992,0.406188112451033,-0.579422854671385,1.06074242929183
-1.26670000235221,-0.15430887571887,-1.66210884988906,-0.832241387538847,0.800659834070975,-0.343292817013776,0.678889818276501,0.781702213762718,0.871658785940712,-0.000820002137614686,0.145361643911523,-0.0942487714186712,0.433210778440775,0.896582473624402,0.958498337033621,0.0562580195575353,-0.636315279454275,1.02389618910166
-1.83594275078366,-1.41396479626698,-0.360135671454259,-1.13071680142034,0.222305389349665,0.000271717203433081,0.358899424000715,0.338188633291309,0.551959174587043,-0.65787787573137,0.573208228085916,-0.831350206103426,-0.236908398705255,0.485263643994567,-0.500424477149356,0.726726987772478,1.55464784591067,0.0371425985364745
0.0321544020723781,-0.142619005158634,-1.17409049918813,-0.204849133036277,-1.06525156556076,0.423506812339802,0.520715857154045,0.020323423172448,0.738234859879412,0.401066326527914,-0.632686635742733,-0.234471317804794,-1.35842716971805,-0.277647883964002,-1.21159141123698,0.96488565763219,-0.525594928674578,0.628001941560665
1.39413684475908,1.8026186808484,1.48647440945854,-1.72299035796449,-0.324325580642096,1.41020430008056,-0.457584923375205,-0.235997975634782,-1.88800440407847,0.319655876058591,0.142472141629387,0.237907370813781,-0.0981628833169882,0.0964980305919531,0.491449584598199,-0.0136247877257962,0.39085122806975,1.55652036002163
-1.09114253924568,-1.1982986683259,-2.01021255297709,-0.407187163965769,0.0955228203848191,-0.102054579908171,0.0168516101897418,-0.335508494943637,-1.53253988958678,-0.690994036033057,-0.931029300570321,-0.739579922771803,-0.42079567929883,-0.313967731089589,-0.254153538547327,-0.82681316392068,1.28998926257715,-1.13268540526445
-0.561915492802314,0.162682047017496,-1.14669746460294,0.761664292574911,1.12476048531919,1.32316024177362,1.62142739851116,0.701555234716927,-0.0328660509079274,0.427997978574775,0.647804040997905,0.131955748951183,0.170456798615185,0.532467856931089,1.42911102753252,0.239624000391837,0.838820451940302,-1.43544103680441
0.615475047313194,-0.843712687504898,-0.51712886002505,-0.596210184941101,1.47900538370631,1.84666498212968,0.705935009695094,0.814332344388546,1.89351051067379,0.861476554628961,1.24818833823071,1.57838599046789,-0.0477244094632991,0.743610014652871,1.37978868856849,0.320007260431065,-0.171636685204767,-0.809531984642735
-0.103325531293539,-1.13555308948238,-1.18313207486312,-0.924457838249137,0.773757377241967,-0.0229291556224343,-0.233435615478158,0.835797511877911,0.551531775720775,-0.899205826614085,0.376709810408619,-0.677802287470404,-1.48712370310436,0.03810821228138,1.35586622293741,-0.919542836717553,0.737254299094623,1.04675550211907
1.70765847090046,0.679358877587717,3.20453395386634,-0.400720545938268,0.687628038255983,-0.283392314375611,0.0817604146564695,2.00121202808892,1.24847502635372,1.22406121367116,1.85418957246243,1.23578503265195,0.436905075260793,0.151985161839321,-0.748985723389149,1.3353541914722,-2.27781319156074,-0.298846646354701
-0.911412948917216,-0.688966348837054,0.346904607122335,1.40789760646155,-0.213432889421354,-0.280448226952031,-0.529275473957471,-1.17865880474116,0.187773565285401,-0.906599334553211,-1.2945813107562,-0.0322730390135347,0.982842821465877,0.118773486092695,-0.898217183665842,-1.23245637474865,-2.1588793681374,0.232624644243044
0.359352126414459,0.0633950687747252,-1.05908138405298,0.794066778759339,0.636443920490412,-0.102006628793023,-1.43015387443494,-0.0600666009787369,0.634387110288505,-0.46176907759164,0.117293952191199,0.644245344649015,1.10945325264877,2.29947948762157,1.12105263044908,-0.891470889224084,1.76070254676523,-1.27313477219403
-2.10771829525978,-0.72480793264935,-1.32916241639623,0.214831072614137,-0.71657358193246,0.225400154694202,0.631600030850114,-0.557258984418727,0.0777943388542503,0.699542951716397,-2.18965785030459,-0.0590000840624594,-1.74421096823528,-0.614197769697582,1.30659696166114,0.0893376584353984,0.416725183327808,-0.963320900208479
-0.0320878469962081,-1.3057317569529,-0.60828365785537,0.897818324898927,-0.536786423901721,-0.110530016898538,0.921215545866235,-0.187069254109641,0.454960461440514,-0.213591505361158,-0.374221974067446,-0.308899627291974,-1.49059931111954,-0.56358528233994,0.546379795651371,0.238393993263002,0.978507151428631,-1.0232999192075
-0.638218153946761,-0.726743231015713,-1.55574543350919,-0.0295218213454088,-0.314791849625152,-0.709371363724212,-2.39469874454882,0.241297969270397,-1.54239916849885,-0.864609968249242,0.000904883590030837,-0.529008528712541,-2.40967786401407,-0.107122059209793,0.504528649934788,-0.223257276105116,-0.0361457063570839,0.0490446323129974
-0.615811397345013,-0.0813370707473658,-1.37140644404944,-0.636404247665536,-1.11884516320558,-0.691562866812865,-0.54926578271074,0.444139854733259,0.802941292515216,0.123562240068232,-0.866962642443775,-0.597043623215898,-0.0188761357957819,-0.807527241284146,-0.22750420564522,1.75084132874335,-1.54131055250219,1.37354409844879
0.0645838700679725,-0.039043607956883,-0.652182439277966,0.0125296533700537,0.700541893114851,0.0339436454893189,-0.436538398607601,-1.824584770003,-0.497220636442872,0.926068575893371,-0.787862874263997,-0.388202067314771,0.704760261410351,-0.137368731003561,-0.345937117787625,-0.558095230033638,-0.543429219910308,0.249082273019233
-0.300667016513253,-0.120573390047241,-0.488225631307802,0.879016001916166,0.498379228121109,-0.253442357725837,0.0585585439229086,0.63317776889477,-0.565112710920685,-1.61355184082342,-1.20070653420663,0.325392153047358,-1.54495701640644,0.715288597367956,1.0962014594865,0.272418331193344,0.126718077992025,0.667394714659589
-0.643714408340937,0.523583337864146,1.26710161182694,-1.89080734733867,-1.83170405925288,1.31189754596096,-0.949951695360395,-0.693144690837869,-1.2212993563729,0.417941684352832,-0.123840983701347,-1.57360299665362,-0.541664038166352,0.435582080089425,-1.01730144111059,-0.511732570927746,0.00257657746157984,-0.317742610061112
0.0608678003502253,-0.708220606406755,-0.393350397332152,0.209179643232054,0.551206789770925,0.42052602486776,-1.46396507385844,-0.13737399853959,-0.0469202798013637,-1.61080953871577,-0.294943714540396,-0.921748646246307,0.786757397800174,0.537550674557642,-0.0162327145637386,0.648128615448173,1.32532590747448,0.681294948646345
0.490622503133892,-0.585228499646327,-0.0608913366125405,1.39504073625085,1.43136114472863,0.422046390266206,0.543030422941449,-0.122122871186051,0.472653016296493,0.786143315239368,0.966430311914793,1.06377788208718,-1.15472934200327,-1.54214218358107,0.608860416914715,0.203013421500478,0.257433037889113,0.831147411460062
-1.07030168847399,-1.84048514421121,-1.84128176898246,-0.268922510253018,-0.545036124503941,-0.522265668520241,0.16315997867108,-1.45837783179015,-0.363989032169029,-0.72212848247406,-1.8565824061471,-2.08031813457583,-1.35829111853838,-0.739322063648146,-0.370540758591561,-1.15300584827316,-1.20410001925981,-0.88288774179696
0.0554524656931933,-1.84720005428982,-0.105914266095842,-0.010606400163198,-1.16564376053152,0.770813295171656,-1.63949379782286,-0.739363311268975,-1.83450590454653,-0.36331721897907,0.402060042674675,-0.032445899768055,-0.148067296102413,0.268626383212089,0.024613789675965,0.826119502165581,-1.60392889258495,1.0812236678713
-0.151129996984469,0.0136130728117495,1.53900475338157,0.67539781406039,-0.393212206554786,-0.0611787342016508,-0.329076151613819,0.546014183895201,-0.453327121330227,1.40788163617395,0.36280631129879,0.293050520020721,1.33629282206237,0.268478583587858,-0.388234573206871,-0.3204614024067,0.4449393584866,-0.0267291951892046
-0.688185541999251,0.714082307102425,-1.19566885935693,-0.156347807385568,-0.433916360319042,-1.59702791974614,-2.45799366812028,1.92662267915549,-0.375391686582714,-1.90538013536155,-0.828141424448414,-1.49441063866363,-0.404773133501495,-1.65208970371432,-0.71222287580786,1.03103582779034,-1.58732021295663,0.757193179640882
1.03727568958311,-0.614742932348092,1.6234613824888,0.298266346245819,-1.32657226341949,-0.556100102517427,0.721008299290305,0.82716953108497,-0.654529978309059,0.881839264711347,0.447446318373957,0.393175454653064,0.181008110270095,0.120480420519956,1.43045439728313,-1.11287666487815,-1.01352605804506,0.20997866843319
0.20483843709462,0.168058857450282,0.387557471119275,0.188451938922221,1.11751855771724,-0.0107006065547359,0.209305252985849,-2.12024221748837,0.128981988375622,-0.148337756592522,0.199413185822495,-0.377021002665753,-0.0368001876074833,-0.967989862246733,-0.4628857834453,-0.580657901956463,0.795795639216162,0.340044765495706
-1.40767790122496,-2.1604052768582,-1.62116914272177,0.0287799456203539,-2.06319212398663,-1.49238057762843,0.183215746710859,-0.915460198730244,-1.39771297526696,-1.02466817610733,0.0469705921363389,-1.68438233650906,0.312147324264061,1.38655292121755,0.832345357871349,0.384452052935379,0.811064922717936,-1.34287976345993
-1.96827402534359,-1.5748950674835,-1.99208657037442,1.57489153842447,0.949530590897558,0.282576874005499,-0.0540741978696835,-2.07048788208604,-2.75262921286484,-0.505560708101927,0.215222068275162,0.482600616427085,0.239567985571821,-0.819552710722723,0.348668982552703,-0.568011807259276,0.425763079187955,0.231156850565577
1.39658759104364,1.23986087150317,0.151878562272979,-1.21838676710028,1.00619615484464,1.95694034086137,0.913735941676383,-0.334806846701787,1.29610898289324,0.41498708766009,1.94281907868274,1.40769798761736,0.796947213058321,-0.465368384349936,-0.914222987457848,-0.37999089752632,0.416649958624272,0.655222078334225
0.602087129258967,1.21546530978745,0.0796496356954016,-1.44909430024461,-0.302981981200982,-0.128279595108913,-0.767805473974855,-0.0688125033776478,-0.0625595562629186,-0.609020588901436,-0.893680045378216,-0.14867510960906,-0.0694022092195769,1.21369774944098,0.110334076466637,-0.140128520202775,0.0660491589198038,0.0563848289137563
-0.365965546212039,-0.158688987515232,0.606098258984984,-1.69517169054486,-0.21719570549154,0.142219076080085,-0.553123806431731,-1.63905168384202,-0.66986740837476,-1.90428646574345,-0.0810743964184291,-1.20419398071556,0.003731425037263,0.915114105466926,-0.662767749926393,-0.886244299157778,-2.02903437641445,-0.766127720630064
-0.0875743498392744,-1.85972253968406,0.376457115836271,0.739031156197534,-0.612203070159623,-2.19301395368653,-0.305333079784674,0.410794663213923,1.00481759477423,-0.457275576245714,-0.761472074889257,-0.0291397793703807,0.738398769946246,-0.952541678787603,-0.310359383274183,-0.040438986349306,-1.14895301199042,0.416069407699531
-2.08103466434858,-1.71638102626555,-1.91181050496297,-0.298127026827021,-1.47767371180626,-0.515272001003241,-1.0963137467691,-2.64623990783817,-0.725721384638181,-0.243536645475106,-1.43224290943258,-1.62879304941859,0.127784812880029,0.126800372098236,0.687703048091484,-0.704219597064402,-0.416832911533407,0.641284818923168
0.594409793296927,0.168175759893098,-0.316293522513493,-0.509118848802074,-0.26815739225477,-0.175313780684008,-0.452783926511047,-0.303962416658328,0.0885160009988877,0.332463485741905,0.558612411043314,-0.0579756608864566,0.0922655694701224,-0.297955471272575,-0.204607469157731,-0.401805153345832,0.268546057744214,-1.6575622592513
1.92712284844947,0.313439669460459,-0.279847848805305,1.25516776846699,-0.542196708749247,0.893446851324408,1.04246890817583,-1.21835742679013,0.421767966361325,2.12311835949496,1.06211126710096,0.382972343269803,0.584897416159304,-0.577010016092556,-0.385720827649761,1.4246363909859,1.10408003835933,1.42372172530484
-0.185621380676829,-0.44664865931367,-0.382735314394312,1.98328708911254,3.34781954729424,1.19866879575186,1.04519305217842,-0.168642413772175,-0.0157323007357293,0.729718029574963,1.38788080925046,0.46617339233212,2.20425480133515,0.0614799300704197,-1.25428507454167,2.31071245846215,-0.223571203075396,0.816460538443963
-0.657640873339433,0.0338520715196623,0.0700023081625908,-1.11341480273678,1.73589936611983,1.54575443419295,0.11203511101652,-1.14380569377407,0.39106336024236,0.514236170616998,-0.0223439893242939,1.302382966723,-1.80073565826091,-1.11009400612975,0.256538595574888,-1.00355475694174,2.2477612390124,-2.03138720838278
0.343119028509541,-1.59916790061736,-1.12016172351776,0.092711295602934,-0.477881140416914,1.03424394559884,0.741226447333419,0.591216220082186,0.323837174424546,1.29866552358445,-0.331690666077518,-0.0471873382798228,0.129445495824752,-0.0348777380297474,-0.707286222502069,0.035386340032201,-1.76687442576695,-0.146000924983888
-0.365226598139556,0.0847724899852362,-0.386173275508156,-0.361365969006698,1.21208183207009,-1.08204627230809,-0.210560573506225,-0.990299351366189,-0.528180918342989,-0.44868392847362,-0.208121615402677,-0.342526192548417,-0.100180626884204,-0.165440262655437,-0.293252466017213,0.0280365016459824,-0.390950952222817,0.83740827917891
-1.92219506017188,-1.90428250961946,-0.388010465290499,-1.23339604297392,-0.945944318213501,-0.157828620363176,-1.3839976368824,-1.04849840167533,-0.578852102242127,-0.81547995144811,0.960297349369585,-1.38339413558109,0.20630517793202,-0.980481142554921,1.67311893939223,-0.00698287328116662,0.157502488762082,0.662466703096328
-0.202759170651275,-0.248487714047924,-0.112750830459082,0.220401904570643,0.752536556949296,-1.36274020517845,-0.321963871996,-0.280955069497188,0.812950648685444,-0.491716838153999,0.787258569231298,-0.0299381171550821,1.28024552813892,1.56651445472209,-0.380586398212413,-0.481750765954501,0.0495353067604368,-1.26118217882238
-0.12113035007321,-0.914566498046331,0.0482889100619672,0.637637224905459,0.185198019018609,-0.43299006382423,1.06105269346676,0.693079703104181,0.58951691755588,1.03027722643127,0.134594069595689,1.81715376172078,0.782435545907828,-0.413338243965222,1.99311389592679,-0.00190567575655009,0.445114262294389,0.224415365965931
0.1389789139089,-0.335672107397275,-0.955611363077691,0.443091470781206,1.89819343095385,-0.306764802227643,-0.416312284221781,-1.28136251832652,-0.32887364714975,0.278411961563755,-0.709251118556139,-1.31136990765811,0.503950321465343,0.770675041544822,-1.08886810188231,-0.135138044059415,-0.725035543848564,-0.359745185557664
1.70202882081993,1.87631842635664,-1.33054661974559,-0.795242468532608,0.543363876978697,-0.0130487799702956,0.468311825488224,0.457290390859151,-1.33892376301635,0.73482068230197,-0.394754595822111,0.129831425298293,1.23939696902813,-0.210093885186312,0.469819035436321,0.891888477927289,-0.212470293960822,1.86483690054252
-0.50079641767668,0.269410732958489,0.509191414127978,0.432220954170626,0.541223924437763,-1.35011699973789,0.365481040332206,-0.697077916112462,1.10768634030506,0.345784915517961,-0.105349788305394,0.497320763551773,0.195271785075307,-1.18311971907231,0.379614094539906,-0.680496159269112,1.90874050438313,-0.697482023157137
0.0887267678696369,-1.04614020964448,-1.03621404666049,-1.55515918454861,-1.16383308222428,1.21730777281974,0.317703949956849,-2.82154788666071,0.626298082402353,0.291203557999268,-0.510668922673299,-1.21800959400187,-1.78221782070278,-1.43628691889995,-0.0089850363676478,-1.91631025618827,-1.71401297987341,0.637580206743145
0.324535677614893,-0.291726370304924,0.408393285632658,-0.0308443673463124,-1.75808655729328,-1.21562803569355,-0.184670611031538,-0.957002740279463,1.1119543414174,0.803093485360032,0.765234606827243,-1.51630628142215,0.170619994874826,0.296866936091582,0.192935258046653,-0.532771109064302,1.82824165959804,-0.800478415305916
-0.0757017866832569,0.285562294212193,-0.879333830994101,0.124098959915973,0.35817759864952,0.426735325840633,-1.22158048170495,-0.811352792885288,-1.53016595578337,-1.51050456113617,-1.18009550423163,-0.294126200605395,-1.29093304970783,-1.62379221004079,-0.66394532959129,0.599234244536058,-1.26097139211178,1.48508529148049
0.079423228967274,0.942749630115472,1.51699008743461,-1.28328100487588,0.83403561973035,0.836642207599397,-1.35379814719427,0.88656367778299,-1.12312483920329,0.561151616563578,0.384832601251174,1.12449182685805,-0.156921419101591,0.616563056864778,-0.130367087939231,1.50675186675846,-1.42343083220893,2.82485969674645
-0.372275868763947,0.042459964822354,-0.076957378759975,-0.773079938999063,-0.604985121559773,1.05511118848142,-0.0151443136572582,0.27457197248506,-0.96303502491086,-0.147595139303681,0.866164713345629,-0.434113334780731,-1.20174727642459,-0.600733106158026,-0.160919186089958,0.2723175631567,-1.66007769859759,0.528614325500423
0.0034714737998584,-0.209598949597117,-0.477025203182922,-0.507455177882728,1.28055260285491,0.289004361166161,0.0555554785774939,2.10771967183229,-0.244321390257489,0.283979192021711,0.301893684461643,0.805992357543279,0.102673428247493,-0.606944002857846,0.891514999019402,-0.306888478281809,-0.379808007368322,-0.367376580410698
0.766223723592727,1.00115286667785,0.749675017521457,0.662130877274771,0.670789488178138,0.011418873460755,1.91597151327116,1.57768573953451,-1.57754319946018,1.00382475226943,0.563105671157083,1.14461746727831,0.0767842182815947,0.271498755094312,0.169006598235515,1.05049252068853,-1.39606930907105,0.329705751115931
1.87687377974905,1.08483176242419,1.3472230414699,1.02690921997451,-0.16831297560241,1.5984096941266,-0.552136507805398,1.51933520824147,-0.323526491417075,0.881162286679401,2.74633851723252,1.51338289236306,0.490955427437962,1.12375672994444,0.621283511284754,-1.02454839504255,-0.436594105722799,1.05058634239795
0.612442866424523,-0.33879827144459,0.276032653187433,-1.85104345322498,0.126418571855738,-1.58438276184266,0.459480443958765,-3.20512151166144,1.74474910089675,0.232402576388706,-1.14315120575409,-0.17818558212088,-0.131406472200423,1.39425348472804,0.102201910429687,0.66734360279007,-0.0608583319600212,0.415672916148132
2.08739838617754,1.14845332458235,2.00735632993281,0.0683581298871091,-0.570022559280471,-1.01701211560429,1.57513687009569,1.27739737435938,0.927905360975657,0.593374971518313,0.722495649374722,1.17869562027044,0.13658595611576,0.477805966637306,0.465541314629999,0.286410062810714,-1.3698393310041,0.297223984414661
0.803485779916391,1.590083402788,-0.159297361485848,0.723997684303621,1.41206777178404,1.90888399438821,1.12879079889871,1.28658503049165,0.206754583083747,0.980505951732365,0.732717674132273,1.54416560119142,-0.699336264842555,-0.0633366232608179,-0.376638238920314,-0.384132943685758,0.986618227868061,0.851447338661169
-0.178837858610319,-0.563172713615404,-0.476160986271108,1.14662585046082,-1.29033880149112,0.135589514062974,2.11865148143092,0.8574493036364,0.536499562029087,1.06372357043877,0.126005209176622,0.480975049270222,-0.226195026749552,0.206146829769661,-0.195544935155374,-1.1450328570233,0.678511460283826,-0.473324809693603
0.610935126217353,0.130835038425172,0.468423249229765,0.127431335530733,0.111168778674171,0.223910123705742,-0.0982254315631438,-0.0719524893905507,-0.870216938596376,0.225799967758292,-0.613603204024235,-0.73621554222743,0.315320587236485,-1.85672962859955,-1.13149466946099,-1.00967385720077,0.394470815851647,0.259287923745272
0.0977205248299666,-0.325701239471519,0.531288457733694,0.842672172401061,-0.620753503672271,-0.974853984937741,-0.20977508291426,0.0676295079458232,-0.14824602290594,1.17630387480866,0.44132734643891,0.0706900738703428,-0.592910302390366,0.685778149298901,-0.611353898783514,0.679821754817575,-0.169652098882586,-0.315652770520341
-0.211505603546241,0.765285721700134,-0.883856626492742,-1.5100039422855,-2.45229203405031,-1.15236454212299,0.494373626788841,-2.0678637061964,0.963430267854835,-1.47876598273087,1.06094335463141,-0.0360908695126234,-0.282283004200938,-0.293591154367274,-1.69724547199618,0.428442826496933,0.586939888117958,-0.315036053253685
-0.341679595263147,0.170464333951714,0.93409362591982,-0.705516388069418,-0.701954254349323,-0.586645522970274,0.173276725902622,-0.650768855384192,-1.64167862960183,0.0722967910405179,0.610449474464257,-0.549909659939476,-0.436870981114569,0.38125186554807,-0.589543612135466,0.509182316698982,-0.563858661892342,1.18023133565254
-1.40936130088975,-0.330032493157052,-0.732545890713258,-1.16091311709559,-1.27964717139378,-1.37482744852776,-0.0441123796747468,-0.738456924224828,-1.15084892655897,-1.10180879371651,-0.701235096615434,-1.40622547377465,-0.174891103922519,-1.13837571985953,-0.0591350191176688,2.16690521926601,-1.61723948054924,3.16345466733529
-0.323045751092703,-1.11531380111275,0.492812947399066,1.59935922140411,-0.483274865064198,0.608069801232118,-0.095959518033054,0.0301554628025724,0.655480580405163,-1.45553969461373,1.30661731165667,-0.770686240926521,-1.04954727534933,-1.14331406401947,0.039764930423695,-0.507301621616503,2.00258739518759,-1.10981830019375
0.37532105661811,-0.031641912219166,0.00610188982719317,0.85970840837266,0.220549953914497,-0.803532046048446,-1.77713754112232,0.99222160348082,0.19169221873209,1.63453674777474,0.796128810130516,0.487789264177273,-0.030356830083084,0.303083734701883,-0.0924911201212048,-0.527763670647725,1.28142689604622,-0.356662588409375
0.667079673122244,0.850714962706198,-0.126317600675536,1.30340063015013,0.564367544110823,1.36091930669362,1.14915631299043,0.794994116053981,0.15915663703577,0.638973659870435,0.909096097257331,0.653936753448727,0.177282984764813,0.466914683899516,0.183178326971773,0.0917899877164439,-0.160909024186753,0.165083608054913
2.07765468017138,2.38200288493904,1.75406384133224,1.31925932737896,0.373370257884212,1.89545117390896,0.109674036658662,0.391037078327516,0.408148494239408,1.69311842431932,0.934341036297376,2.79446710843504,0.149351837471828,1.67070295166462,0.142471362707491,0.741235428114884,-0.867898660486674,-0.10173045350431
-0.525890973522484,-2.93903113207559,-1.13332795939366,-0.455569104000354,1.29386581546289,1.11728999033562,0.191150603586094,-0.222565998814606,-0.106028952545289,-0.747826417607127,-0.954581963877986,-0.99806388983155,0.593582409351826,1.60723553226244,0.554761950549666,-2.3347552900747,0.336454515382907,0.218583387256378
-0.981589365560802,-1.55928723894362,-0.339169181972537,-0.874215256001332,-0.620066873904545,-0.899499291524662,-1.30328914971944,0.264230999730134,0.13643659490551,-0.93025921159243,-0.567002147975895,-1.20466124091049,-1.48758508569168,-1.18132277928065,-0.843132600122401,-0.89894674120417,0.543761889044708,-1.76681769589573
-0.442356545959159,1.67666426161373,0.923969575478073,0.440737523855344,1.32979982746706,-0.138967227365868,-0.488993883347185,0.394935613913113,0.513344450383338,-1.11616847278752,-0.299008993185224,0.908175267177121,-0.437035781939023,0.29845042689081,1.41446940905839,0.777707619106094,0.258843791463274,-0.184788745383374
-1.22765805136968,-0.0288513408377835,-1.13858680147046,-0.511959766502709,0.150266013497479,1.07600961833212,-0.334253127198788,0.542271021589463,0.390110933758249,-0.806725511507095,0.281132787774664,-0.725567920142345,-0.0394620326115667,0.730227314309705,-0.00529428157614347,0.39774956076391,-2.46535947914461,0.669363729281706
1.59098614141517,0.182044960220146,1.29197853564418,0.235295203142944,1.33340550910027,1.46233151051163,1.40797835168072,0.801795830973984,2.13156004164853,2.16702387360226,1.90672802144881,1.92318665656671,1.91069237726271,0.541526629635305,-0.996848635705514,1.38058459169667,-0.587492596358376,1.24944115609101
0.0886210595416549,0.307066011311355,-0.776244058757703,-0.082774535425949,-0.842110876521195,-2.15263620627007,-1.69666023678346,-1.04095589760284,-1.24978998127488,-1.06292766603966,-1.19722560776821,-1.50250184493431,-1.46988710233115,-1.91084115081108,0.850698357018872,-0.372096623089508,-1.00957811302883,1.26767902209197
-0.98553264115325,0.418966626386342,0.347292421693266,1.88796367658471,-0.996777978572367,-0.840067423328862,0.261869777694894,-0.610764765798008,-0.595462201166248,-0.0736725367073966,-0.71031078446979,-0.609769251800244,-0.296431437622039,-0.00212209850836724,-0.342096733459474,-1.13268166269256,-0.43617375835416,-0.61921863826013
-1.38881702138301,-1.10517570417266,-0.551544950641635,-0.0708168830055891,-0.368631354999111,0.954761930474331,0.999631762692358,-0.351346336938122,-0.854079937653312,-0.329271533261828,0.0937862499793091,-1.7799594497212,-0.057800673822196,-0.226641000793729,-0.491562923078243,0.490348650302855,0.100608480781337,1.8997720795166
-1.47675590220325,-1.45052993967471,-3.18634527371023,1.61397796943264,0.293418316846306,-1.71478187841215,-2.06078415275394,-2.01308260947253,-0.150548358728735,-0.681411889922966,-1.14770654436669,-1.4754307020619,0.907118555642294,1.55645221021097,0.727703758702095,0.287747305722393,-0.635160594872729,-0.399625385857128
2.07647341330024,0.0204301136109569,-0.121584330480496,1.98845195079986,1.34670446544096,-0.266513230246388,0.00999682034015811,-0.38781115570636,-0.380367603667915,-0.281402643968098,0.0919024648947038,-0.00406112204973748,1.28588483416853,0.710213522966962,0.303429127880839,-1.53899438707798,-0.799546191707068,-1.34767445205703
-0.147526963801171,-1.11044233622718,0.584990538120907,-0.0177457042371633,-0.202411593270644,-0.41555103956624,0.561605546306994,-0.648751670994871,0.819987888881608,0.709070603018242,0.782547776600813,-0.436453902077613,-1.08045161790748,-0.306463728429179,-0.262361141840091,1.33026722513551,0.764309203892935,0.521510412792506
1.56882579301271,1.11887903274719,1.8630823000929,0.0703571905182489,0.401739964505803,1.57010206904004,-0.864221854530901,-0.0829305281814637,-0.630161237673268,0.463773477535712,1.31441279100592,1.86529170140783,2.03061684010989,1.17874428991093,1.3253725142565,0.792952239190064,0.78021660617101,0.856632703273681
-0.456023107810741,-0.685644207842731,0.802797433485251,-0.898758849428778,-0.362229842585409,1.03025869978535,1.94458468682273,-0.370313456767503,0.0358754523682479,1.7305153977566,0.367802703456919,0.699166257697513,1.49160525944207,0.863865584458614,0.834844168977473,0.678291975943759,0.606417109917179,-0.0237434528485138
