"Fitness"
9287.83918234553
