"y1","y2","y3","y4","y5","y6","y7","y8","y9","y10","y11","y12","y13","y14","y15","y16","y17","y18"
0.964181493532851,1.29958453509162,-0.490539203650928,-0.390006435809844,1.89109524473943,1.54203149191874,-1.0414500457504,0.895231704587679,-0.287390892847506,1.24884628520896,1.30908784093583,1.78188375968638,-1.01203107074125,-2.22638297271344,0.381203076906926,0.263069327058259,-0.929812926236396,1.43715674240699
1.25955812606252,0.0844138151759323,1.32121820920204,0.158117278855038,-0.0873356663443989,1.18550426493722,0.110324342111937,0.379452912133857,1.07218771554107,-0.0127881926597634,-0.0128974709158297,0.590971886245596,-0.113764374164869,-0.156178616651753,2.75193304089411,0.222034115198586,-0.335886291805644,-0.42958286066981
0.164346662348277,1.13008166592504,-0.0294686502986567,-0.477143710114684,1.07718929068044,0.250147374988827,1.49238482472376,0.0287025899203298,1.2293438549445,-0.633009907846513,-0.0839305937308638,0.36857710021584,-0.569135571401419,-0.5694294165103,0.240477388664724,0.690090787492152,-1.24130453730628,-0.484451615313197
1.64019163109002,0.254934939899951,-0.135679716371116,-0.609478208749842,-0.208380364449565,0.938996088119923,1.77623627869913,2.18012894835918,0.230335756542606,0.386463621626849,0.771035482756604,2.11664877444034,-0.810214940507457,-0.0453433763947507,0.264912395957669,0.301675431701683,-0.442343848856876,-0.322816831981503
-1.28894022792377,0.313828217004188,-0.120589959320846,-1.45687010924892,-1.5554067508156,0.908089320515138,-0.639050650943874,0.23207321619554,-0.666263929298649,-1.14867785802862,1.21835781122847,0.204179867273746,-1.06776519467897,-0.685317481615576,-0.418113059658593,0.153072042237905,0.524628751746388,0.151657644990845
-1.93740709504524,-0.404871307878704,-1.60736707108962,0.313036998141594,-2.10335992441719,-0.738806717747882,1.06202242538124,-2.0521284525065,-0.706453570184265,-0.464137077842711,-0.357638156842832,-1.1940802754541,-0.00756125648439321,-0.00944086962293048,-1.15468008968539,0.55046438080285,-1.45832482009212,3.50122916739048
1.24714498716046,-1.360817750515,-0.141374817210988,-0.889989502360144,1.22518113160263,1.64313955649011,0.302816916424642,0.90964223131005,-0.680896339737368,0.189749600028178,0.0650467020929917,0.750384281337373,1.48555755648096,1.90932406127962,1.174457780547,-0.555738221229538,-1.35922217864172,-1.11647550955402
-0.1755397123918,1.34311609475256,0.242421222094762,2.26568500957969,1.52470579396701,0.544681132077849,2.4189199561643,2.93260996952221,1.30530986081464,0.713192101070238,1.20968681911624,1.35419114783448,1.07639849588419,1.59436209280287,0.395172988179885,0.775429005451325,1.47657690718494,0.18330674395822
-0.722444011040671,-0.571239821121932,-0.0643993835319502,-0.542854483540282,-0.160666965035628,-1.09944465191648,-1.22970190201933,-0.424726009568359,0.343934776673488,-0.986812957864775,0.238628797710081,-0.846651490341012,-0.279911734056344,0.68428121920189,-0.00747051677796184,-0.280217538615197,-0.232102291812482,0.258870860129732
-0.779086154598588,-0.855760834373828,0.981621983161152,-1.29473116850631,0.548388688100941,-0.0788137994189557,-0.0237465596464377,-1.30140162285891,-0.366918488753677,-0.0838267686037701,0.650377269303823,-0.298792691598986,-0.371638605462841,-0.979609694137103,0.0126584359379327,0.821151712045993,0.90599199214276,-0.451085448950162
0.148525791477685,0.066644737880483,-0.617562548389941,-1.53062078480421,-1.07502313884411,-0.439704517147291,-1.86230424810732,-0.130803701984617,-1.92823274961863,0.110639724135217,0.507472473185467,0.262903736023398,-0.404779676298971,-0.693664282083084,0.727467035427507,-0.758946658266418,0.177049402010904,-2.18206591974844
-2.01155481967669,0.103362051174884,-0.599337533140168,-0.794502083818746,-0.708652399664306,-0.266225636122733,-0.540600503083158,-1.27466589483513,-0.715906224950599,-0.700701927214095,-0.765087087722614,-1.60506788273267,1.26185575394909,1.16779596988091,-0.0852194297666885,0.164909985520945,-0.833760888080739,-0.502022164485116
0.409065610939724,1.45349596156616,0.788411994057772,-0.237646428046156,0.891431758410556,-0.669625786345649,-0.368803818105707,-0.432804514140786,1.3620838312555,-0.516679496189054,-0.0967277361082509,0.0969351897161981,-0.427198220142089,-0.552426126562789,-0.690443259155666,-1.4471301093511,-0.762074445271837,0.713220991232526
0.659889689338167,-0.535688327017802,0.281247201725851,0.35016738782474,-0.790355386179126,0.323210621951224,2.02757181788094,0.238276799142842,-0.462331390938677,1.56732009466421,1.06712321125222,1.55250846722794,0.527936364914541,0.894685062932291,-0.31585053802824,-0.244118934959085,-0.850165810613721,-1.09815095336132
0.791369021821112,1.72068336802871,-0.0168060869984422,1.05600684530912,-0.20252487620431,-0.587894260251172,0.238603229999608,1.0982781278587,0.476870716091153,-0.513266788194337,1.36280999275012,0.33175029933859,-0.54545051778652,-0.514625252859533,1.166697298748,1.56742848712424,0.396946594708617,0.566106244733816
-0.910843704889422,-0.161946844108211,-0.438893140029252,-2.22393528315862,1.40225793402304,1.91170822948251,-1.88186986944819,0.0087404245839118,-0.526567607968942,-0.0270150724717996,0.887326231050324,0.706883662081899,-0.594580288154144,0.409247858526148,-0.553333348744797,-1.28432900619283,0.218128011234535,-0.648025748882684
0.412735310627431,0.112756951010428,-1.3844356643107,-0.623138686256302,-0.329858716147771,1.16466208733284,-0.800487365744544,-0.198855981831406,-0.735977427042857,-0.474296088222913,0.211445412425082,-1.3760515646438,0.164373587835337,1.1551615052076,-0.994873174950613,-2.01117677655323,0.872641903927788,-0.540242317189431
-1.15087777888929,-0.582388330424585,-0.2969685283542,-1.78085057046331,-0.722018622251082,2.17350960279369,-0.389666919083018,0.296539843435599,-0.438715362248842,-0.69399940290765,-1.39914702858615,-1.06380039098435,0.443406530346802,0.649322784346239,0.639390769202982,-1.34860587594039,-2.15240169326749,-0.172823750412098
0.0967221430620392,-0.587619915411162,-0.470475300886151,-0.0337141413793115,1.14333022984634,0.895303924339646,1.14235533767571,0.159665845564237,-0.653265587547651,-0.938753826092453,-0.748016863515037,0.191372315203533,-0.87767593906884,-0.34733082570217,-0.195895748762944,-0.415390323912004,-1.12774691324451,1.35842882709866
-1.66508681393509,0.51230280751274,0.00706715113061801,0.15527317470937,-1.68626156284104,1.90776379068784,-1.1977241403606,-2.02115990847231,0.606598570551414,-0.835518112104522,-0.616959106893462,-1.41615671873268,0.116493815276366,-0.750343345779677,-1.32001137632075,0.754550351494632,-1.7643693643786,0.830391665310713
2.21314240589145,1.42075956212919,0.0154911955136704,-0.733065470272935,-0.0584001000616153,-0.42747426041991,0.832681457440121,-0.453704493892422,-0.916953231162142,-0.768551592243063,-1.05790712400604,1.2052739810199,0.9760654604458,-0.99757954923832,-2.17145921002041,-0.0185550426651741,0.0134716407914482,0.240294374778178
-0.28026588622607,-0.615391371734086,0.145653370300747,-0.936048702693445,0.420439891430521,-0.987114362159921,0.836867427417612,-0.102531094017598,0.204147057931312,0.576639741957876,0.140023347694515,1.07285093376078,-0.14538106921302,1.55610364645154,-0.0996773360581537,-0.84759151096554,-0.594148383082083,-1.08143273604744
-0.0371869985026763,0.365463177328948,-1.16094818173833,-0.0789436081340447,0.776777157161322,-0.134268186723444,-0.258833788286239,0.0924975008736712,-1.05903212659902,1.67231799224706,1.48059386660938,1.19498285741184,-0.39721089943532,1.31932860409336,0.384878486378586,1.00190456018044,-0.793010210088617,0.805427118661715
-1.41517367728244,-0.490350138517216,-1.61921998592253,0.155528203688801,-0.986854995000333,0.326063032309476,0.853286183188163,1.54999867240894,-2.28111680045734,-0.680587343575986,-1.24058290400199,1.28830904054971,-0.181519296207523,0.468785570297342,0.622179909474125,-0.760545995373782,1.35852225402461,-0.488566881274964
-0.20003919151753,0.159394063356911,1.44760188629949,0.242584350098029,-0.219515766524297,-1.37035228820017,1.09758558145638,-0.00855211216837318,1.87886547765311,-0.738934008005405,-0.00230781515410781,-0.195574161209375,0.449236667392707,-0.0881940049189637,0.730515372042892,1.72468596393086,-0.429672263200772,0.705626072004615
0.368514900364408,-1.63836217058576,-0.994333375044005,-2.82731422168382,-0.602450035465124,-0.49686364537565,-0.779633882208174,1.58845006837272,0.125619232743212,0.803575863753283,0.0506608820278946,0.460964260039772,1.0322453122225,0.0901173056985523,0.0286691660817434,-0.91009125292668,-0.468965406477364,-0.799628384995834
-0.163629373048136,-0.219365209228472,0.00332328244893659,2.13629238890241,0.815227644478946,0.271244896988648,-1.50739955390897,0.55476663414188,-0.77862146727453,-1.32128473537295,-0.362328728569096,0.228296658518499,0.999538860357312,0.330960784999853,0.59905586432136,0.397376966034562,0.789347212279845,-1.59663271666991
-0.947218443046773,-0.186858636182494,-2.08749526140051,-1.25025495454223,0.471292566457231,0.488819837107739,0.332132875961089,-0.845111142647427,0.25049107940317,-0.595644509849092,0.796789678402941,-0.433447814492558,1.80648685102038,0.697943738819876,0.165945579610793,0.630359199355855,-0.841114830011112,0.897371583565438
-0.390490080866684,-0.0340291083893287,-0.208208213195926,0.670911718722796,-0.442413571576265,0.227140016665184,0.275948378639146,1.08271274523488,1.34176669013603,0.95043148010891,0.355785272971338,0.967338659901563,-0.0701093230339103,1.61766914517445,1.3979718281841,2.29486429686878,0.90424812914567,1.06688051782799
0.635018635404883,-0.514645561825605,0.153636784945606,0.213618477625237,1.26852812808623,1.05274636608336,1.47531563315896,1.36217907714701,-0.123564814749905,1.37720971903377,0.506172537084483,-0.301906173814045,0.928447024825535,-0.66220774844397,-0.96069861186074,0.524812220799638,0.316296359788993,1.05456284617758
-1.62766140159535,0.545351134763556,-1.72445051017019,-0.113415440249856,0.350890886622244,-0.175219964901765,-0.716320294216483,0.974147668695393,-1.09697871443685,-1.04787343018879,-0.321575989824449,-0.781935350362297,0.915368407125042,-1.38877787738582,0.075653383605248,-0.680727179668341,0.912959390883949,-0.145312210996
0.80366077990483,-0.016521541846459,1.79036231930177,-0.0646710914116514,0.250340515946807,0.364589410307751,2.08057220577366,-0.297290298898666,2.48450889512023,-0.188057234089639,0.791141564130721,1.13833239014058,0.343241230660677,1.03373799906726,-0.28278381768494,-0.561388512841707,0.0781216963820553,-0.127908790889949
0.660144818357413,-0.385158047416334,0.723186495113936,0.805002598677383,0.0421468826809891,-0.478941059305747,0.899189108736231,0.458384333169237,0.472399086984198,-0.145991313872313,0.707506963830569,-0.367390224272718,0.0734995280592009,1.49002696037438,0.192048790307027,-0.0407829355860933,-0.590356189856676,0.307840887017438
-0.774124268705799,0.959204123553332,-0.126213787226554,0.312940020288718,-1.07964909935919,0.116473396445095,-0.0318015476953493,0.410446255842032,2.30665383803469,-0.591268252969373,-0.229560803609531,-0.0173296912925556,0.365213428713602,0.235695626166652,1.05463957539665,0.648519843806144,-1.24109610454267,2.13205412663978
0.00783672762043115,0.493670368058845,-0.111936181724929,1.24730317542609,1.53231119034487,0.442896843927998,0.380840825888513,-1.1507010263505,-0.274434676811307,-0.417034124405127,0.351973525942786,-0.403435277899794,-0.850147922180303,0.410308657670574,0.180954333270154,-1.7143202419088,1.39938755240551,-3.25030131786994
-0.46276449689374,-1.6374318114814,-1.14411045740096,-2.42900294169167,-0.295445526786992,-1.62333286163371,0.908583333697318,-1.00064315429229,-1.47244910332826,-1.09795156146048,-1.03071411248341,-1.39704123622905,-0.989167087905718,-1.51910522933592,-1.1176345880805,-1.47940419075111,0.559242859962594,-2.05534592355502
0.51253370244063,-1.07230258097469,-0.520671828834702,0.672090177217849,-0.727272188195574,0.652152306975728,-0.922974648607756,2.03208997604747,1.00258116078547,0.229149369594294,1.50986530864274,0.977106104884149,0.709695721883436,1.68666217724328,2.23026122037466,0.970753416760797,0.750265989487279,0.998487349139875
-1.16898408490939,-2.16169496080939,-0.0336024713506178,-3.08359784582079,-1.61378439589762,1.40652262867518,-1.95333516839627,0.130646479181161,-1.51375591282864,-2.46410660857223,-2.75512393870026,-1.39844286704029,-0.523376077749397,-0.254900504981511,-0.127008195031627,0.859296680307825,-2.07980189288794,1.35918227467552
-0.0169851205430272,0.208211752899697,-0.248699531621089,-1.15499841979051,-0.932648428118493,-0.565440578495679,0.431964819634361,1.6414909263859,-1.07043271243987,-0.303514420725084,0.338516427652864,0.250769785746224,1.18595054328402,0.921107148131997,-0.480477524923512,-0.559188859185803,-1.2802497875934,0.314007192825786
0.698056309594364,-0.676683803315867,-0.329411089563154,1.46860531974643,0.924510624309227,0.076647144785063,-1.05934207290485,0.148239528570226,0.0521342005880259,-0.478354541679088,-1.20240607907617,-0.322779020379436,0.771300325670357,-0.190285593013768,2.34297030557311,0.833522716135695,-1.43901570333449,2.36522372854815
0.347042881059726,1.90769353237724,1.39007381053922,2.25761275657266,-0.538442619763256,-0.250898326701843,1.06666896047279,-0.232124809083075,-0.444959063838502,0.272953266136941,0.933682815661314,1.58776094982166,0.667360077116724,1.45135775076786,1.21790485291617,-0.789234935851076,0.0905272812032869,0.745235254061091
-1.39436257688754,-1.91697843470776,-0.773120037164756,-0.305509470402642,-1.1897310685353,-1.64721109143642,-1.84116948612712,0.087918404429527,-0.900641487943434,-0.0883972392322979,0.191920337408987,-1.27381507941081,0.421117006022744,-1.00883547363909,0.441344651498605,0.161360707134275,-1.38443851460377,1.15298380971012
0.181636675038545,-0.266916182247736,0.182787333672085,-1.04683043329166,0.259247150478608,-1.35991514214135,-2.07985707001952,-0.706531160047167,-0.0622809724177529,0.781710875583893,0.829399834487912,1.35032147536674,0.968805747813671,0.101166131692215,0.221742541744702,1.31169522456071,0.523290894269194,0.14341670779036
-0.813351030223102,-0.810798420754685,0.959600232300646,0.640059506005133,2.43604189027683,-0.633835632100836,-0.676773332540121,0.541657671340568,-1.43942866661094,-1.60186679412176,-2.19749576953914,-0.587816984108149,-2.70199770265344,-1.46767244049775,-1.6740498122274,1.07961064838124,1.08955035518829,-0.285120024817695
-0.779706039128393,-1.06602338613006,-0.212764096830612,0.767719536855403,-1.04452482326473,-0.551480814811653,-0.0732989486583614,0.0119381918952421,-0.155771937466621,0.954852863856671,0.893329158927822,0.0819105989429111,0.522798381265493,0.479400776274217,0.218346172030574,-0.281199614874179,0.522689947918391,-0.693523663638172
0.816186657266026,1.52104014744542,-0.400516804119253,0.0932840234038146,0.107600741575865,-0.263727985618837,1.4911269706166,0.896198511546121,-0.369681308886461,1.9412731931757,1.44241165361774,-0.46001401332975,0.190549301287362,-0.950465249374173,-0.166874543650747,0.267918165582932,-0.264700115122358,0.466440858897659
1.24507569167946,-0.235011104469703,-0.372789023555676,0.703176153885196,0.195311053721175,-0.844223483001372,1.12284774521418,1.39996352015242,-0.305242840873239,1.53862872286296,-0.131539101980864,0.228520093966375,0.482739455985823,-0.220758948170479,0.111446632068851,1.50128598664491,-0.857938540653019,0.870531731911332
0.457183629503478,1.02093952824819,-0.562729974336466,0.826009253005601,1.32635622330151,0.208364471219368,-0.920780340381098,-0.324757601601842,0.477450197367965,0.426869562102541,-0.599719429453168,-0.403601569383156,-0.613430089845445,0.513395573114098,0.571866751926284,0.913201962667013,-0.2358990922669,-0.819495082038058
0.782837393760411,0.899528993032263,0.954105477790622,0.976147814296397,0.804259597612266,0.340169774271897,0.740801537018411,-0.977764807973429,1.47951924864204,2.25576860449807,2.15269236305329,0.576356077388948,0.831876255998534,0.184740500562379,1.63515528240278,0.837958046123602,-0.929567041159015,1.69016235982206
1.20322789850246,0.920349760248869,2.72520883332688,-0.870327722874039,0.991110201946103,0.202536216520339,-0.778973168884894,1.27334919907972,3.02364571102545,1.57552688670624,1.74908740762626,0.698664037255923,0.39737384028516,0.124364679699149,-0.551463183278119,-2.28913405746989,-0.0974043547842595,-1.1893215606111
1.1189664707383,-1.47970293727642,-0.741650942825104,-0.207339624494283,0.0199214918668258,1.89712096643878,0.663178478078403,-0.0768703866974892,-0.483646641982856,-0.826689064074846,0.748000243255196,-0.185417634239872,-0.458957636936173,2.06097225350189,1.91314185279511,0.789876825188766,-0.454396528735034,2.25067552399425
-0.0875725432485785,-1.03523701272326,-0.0872955941776889,0.120990278547604,0.407879350293178,0.00881534366931525,1.38224441899022,1.23502687767646,0.0699762590586537,-0.328813153471816,0.438625123498291,1.04290930164153,0.109974044147993,0.277656760500714,0.949663082041616,1.45516626768644,-0.604586995597937,-0.0957374359074021
0.56193401218026,0.432672441120005,0.247367517920489,-1.99509400474844,1.50103007708953,-0.486992537833154,0.434309054540819,1.98877018523829,-0.0112239809856266,-0.84372986350871,0.565748978700525,-0.0930522080536352,-0.988336007095115,0.486536862868462,1.99032033847357,-0.30610145664633,-0.234338498333585,0.336460922550013
-1.03251709746557,0.210176482786975,-0.479099067075526,0.17602162187779,0.370714758387394,1.459540081156,-0.797890771290562,-0.684801310265364,-1.2992883920652,-0.749850057332669,-0.943396559219536,-0.746236946828868,0.086284257676518,0.413691963102605,-0.112158724337392,0.688279231267121,-1.29636481487683,1.66897274637218
-0.354373028075937,-1.04069803987941,-0.133177698589647,0.291570747338839,0.191529711482052,-1.62120332220001,-0.860394541389527,0.140327717498792,-1.4779936150628,-1.9678042553106,-1.05182545479609,-1.57186370997094,-1.07565537662112,-1.08509964055211,-0.129572614113491,0.652356756293543,0.101649625652699,-1.02865755660067
0.0220556303380759,-0.726412333366516,-0.0900890389403674,-0.412725437145245,0.4849239720956,1.23931347122573,0.895612049338141,2.73573178949044,0.64570758256467,0.388131625500944,-0.822072117739719,0.0339377164735147,1.25011470053283,-0.135503811891884,1.65341929039619,1.19487986321338,-2.10469447986363,1.24083528520429
0.187377859051895,0.859437061487095,-0.341553095306621,0.323816777060358,1.18106845031107,0.178302324401948,-1.14578402092581,-1.25992507054177,-0.58198200572801,0.535695075207447,-0.38461234358847,0.640884204831815,0.362223516687875,0.308679189187131,0.483953759743568,1.76169540331577,0.301668294517604,-0.640855224304549
-0.0975126710673074,-1.07848643241391,-0.291904404945616,0.238288604575747,1.40301754216515,1.90770431589759,-0.563561728703179,1.44972976885387,0.578838346937815,1.55284586965201,0.125429013828439,0.0126763162309992,-0.923020996604485,-0.373369173434642,1.09588633220539,-0.74264675597844,-0.50433645485622,0.068437055298354
-0.860885048237137,-0.951597881993894,-1.89732880322577,1.00733702980907,-0.496902490508478,-0.477122757640849,-0.917817431150328,0.484943402832306,-0.677850859968911,-1.91798464359812,-1.59462633669041,-0.0734944795240044,1.5108947166113,0.874737413181704,0.413256455830998,-0.0322353940644999,-0.897974562847284,1.2824648616929
0.31200893596777,0.121678129538425,0.795425521976939,0.218544248772888,-0.516248093009747,0.525796729627945,0.665061127081016,-0.212224984468919,1.23858090001839,0.458441119052245,0.864532796963226,-0.21035322013266,-0.0475036119322339,0.771438802335829,1.00857113692913,-0.781716780569128,1.42293428247684,-1.38913846453118
-1.75924370799614,0.492217983519921,-0.973372870622473,1.02648429965789,-0.138039099301135,-0.515948766481222,0.403126884458672,0.673159783909526,-0.881484173054218,-0.737351957318379,-1.36155693511184,-0.547105564590178,-1.06150370253273,1.68816842812022,1.4978161331799,0.714457234948298,1.46262332806468,-0.804397121364676
0.83372637867334,-0.61111161001138,-0.323676374564476,0.662417227563092,0.283630032174874,0.501529346654706,0.375629977314134,0.485133307097771,-0.0591702920470817,-1.23536364934979,-0.24392537477869,-1.2109968511551,-1.30454830776618,-0.474210999625295,0.439220537644476,-1.07655918470821,-0.838927902284454,-0.832499800959904
-0.107521028411188,0.127752015483189,1.52126846320282,0.952686748810917,0.186431362510344,1.76744379677223,0.383513958397343,0.749135493637044,0.539928053785704,1.07857266907701,0.923619751560494,1.51891134602006,2.51619254574545,0.40408959087812,0.495514129895234,1.18459650837011,-0.0553534740603034,0.734092917840161
-0.168808498639849,0.0165792779584446,-0.198484595070104,-0.804929288992309,-0.332303910235035,-1.32923980971924,-1.25212863996482,-1.68301293519056,0.12293309251381,0.516794877507014,-0.791255914710538,-1.77687755021158,-0.613663195336579,0.625893089580741,0.720646061357268,0.605268077174669,-0.942495250544331,0.256050575284966
-0.756298827349344,-1.28113060798445,-0.147969725907741,-0.640503518891866,-1.01752727379621,0.57651172577731,-1.43291121527232,0.500208580018997,-0.992389559374188,-1.00411481164122,1.34940168065299,-0.204815829483295,-0.0291060382626805,-1.1413224654835,0.515895656464976,0.190887792702388,-1.54070681937849,-1.31145922901291
-1.49010504969906,-0.757924069670273,-0.518655736771847,0.0803871686582689,-0.410663458319851,-0.951279584442285,0.408179305840665,-0.276800514752808,0.00988927155236058,0.255502836929239,-0.816129575389511,0.661513729318389,0.00212754149967423,-1.73977291250147,-0.694812197746393,-0.144555556698007,-0.0404171800850498,-0.578884255265793
-2.08560944559549,-1.32155946346956,-2.02639483963622,0.596595814740898,-0.769029748802408,-0.20609475339485,0.942852636030844,-1.04590341038604,-0.669480160352892,-1.90791149757134,-1.66558884825446,-1.20408309533945,0.0671400267219269,1.02617753736336,1.59168323125846,0.90126005903609,0.61946734226842,-0.764590830116931
-1.65307459970234,-1.2762586323322,-0.516732477441785,-0.74194314519645,-0.973435341248342,-0.558668386309152,0.243692627997732,-1.54963441108515,-0.810476007128148,-0.878531116870148,-0.813350352098098,-2.0996069626041,1.91833022147192,-0.340009312003877,1.17825073302958,0.649046183080839,0.659705939444115,2.08318822001758
1.08802433204346,0.614526483937145,0.791862859565351,-0.446254006837524,-0.482099413813702,1.62863642288436,1.09240874373112,-0.025813159258764,0.62268601629718,1.18874256370296,1.61345177893924,0.0142036331122327,0.349507169334408,0.187017496076165,-0.0831846978622917,-0.0953407373657964,1.08843976443031,-0.201083385802588
-0.541002898266563,-1.60520917542891,-0.669976879031379,0.0184706256434016,-0.591754433937857,-1.10135521782125,-1.3131809306261,-0.407640992667699,-0.151639104092016,-0.233476712284523,0.525391976377344,-0.368393766362974,-0.278036863076151,0.48464766929213,-0.386767289943234,0.474575199648761,0.523579692867181,0.553561551414628
0.353037662614709,1.31456518469324,0.508348052999555,0.56618574042921,0.678708199794868,0.251271125565565,0.661906120688431,0.558060763937957,0.689422722890317,-0.043513113321301,0.224373058425633,0.55703679327572,-0.217371512624046,-0.417295504576921,-1.42582941669933,0.298008115222102,-0.807983912543292,-0.0594068472661672
-0.963255901436942,-2.22505433891192,-2.04922751428001,0.68647596966285,-0.597581553982008,-1.04263392692156,-1.14321517187047,-0.534121420839667,-1.0326389832997,-0.326668491175579,-0.458215457911873,-1.19344651263735,2.01787972486925,-0.288698890708732,0.0631043276586961,-0.531000899116302,-1.15895159307514,0.0547856552912501
1.05724960678782,-0.933127464094838,1.61078700608524,-0.395182618244441,1.71368112145287,1.05033019767132,0.0846900307879856,1.95186775227197,1.61420512972226,1.3151639243106,1.23046240980395,1.10508374625591,-0.0519008576438914,-0.0510374185118811,1.15439088447753,0.450339617707655,0.149492443863059,-0.38477934213087
-2.44976105789814,-0.480953287584226,-1.13183327290257,-0.720142844653387,-0.274334574787266,-0.00810603300269874,-0.802104090819793,-1.31173532634146,-0.953834120107194,-0.0280681474248744,0.343798660780213,0.0265883616022416,-0.327812331872114,0.177301091142284,0.597313852805113,-0.360112458824648,0.371431204009358,1.02410630348556
-1.22412105551675,-0.46698105883009,-1.36083952345951,-0.626256880199251,-1.84184245320794,-0.342822044897298,0.371838083073999,-0.964288386315006,-1.56144891645567,-1.68701460352934,-1.79987331153786,-1.3368907607038,0.210257625779848,0.0664187999122878,-0.760482102309251,-1.62942809932598,-0.42813225315182,-0.178478872763066
0.112670890044211,0.104712969343814,0.267317249262754,-0.75879860687793,-1.42185232112597,-1.39107244818,-0.917959968879774,-0.190130982768518,-0.33028082710484,0.657832500052208,-0.124888565097259,0.133651230816258,-0.0800149388401061,1.08773944723675,1.63256354307962,1.6049401757959,-0.739099040801875,1.4064732565286
0.447124590824513,0.949405795605104,0.801194396122985,0.932821753117834,2.54965380243264,2.39440493544461,-0.271227064552251,1.15877534158506,-0.52966001449847,1.31155220659986,0.394648168556601,3.61152086564752,0.654760402236605,0.840422936754216,-0.268291086272602,-1.11424838353291,-0.116227895135872,0.352139592701154
-2.00769818993621,-0.837632513512587,-1.80827746334891,-0.914867840658459,-0.821828559815086,0.865729099490407,-1.44690276227831,-0.746512686328805,-0.103026869783798,0.471140020969098,-0.532903670695912,1.45927431233839,-0.739087611994726,-0.592879203464227,0.182783323538314,1.23431952616011,0.0961460035970145,-0.383517089805065
0.826891699589526,-1.21364639683725,0.665929368878704,-0.440174368146707,-1.2101058181809,-0.204118717132613,0.288828973978528,-0.595303113239207,-1.87230718862661,-0.227706143310926,-0.555526084705855,-0.401259464667114,-0.318049873126136,-0.512328404226095,0.728480476519877,0.264357296017514,0.00450677484464642,0.780100479514452
0.728082703242572,0.557782257916978,-1.31396905578915,0.576773722809176,0.523623047830542,1.00140607965449,1.43792944538142,-0.699497592291977,0.659936063827569,-1.28791840000364,-2.031689867995,-0.0347220230506342,-0.806868610489197,-2.50121328373961,-0.589373975832547,0.784805734165693,-1.08511198498047,-0.665206826503091
-1.02435232837481,-1.27592248536375,-1.81322590303376,0.990175544126815,2.36886951984054,-0.296746031350017,-1.1568368879631,0.110039993837966,0.584074380068968,-0.367803225573313,-1.40966922256301,-1.14850014011691,-0.1450242368121,-0.305174042501682,-0.138760704227718,0.260223077279272,-0.268689401038295,-0.208416766328725
-0.907949328801538,-1.16163903094221,-1.24719937822645,0.583612769817801,-0.889239427514365,-0.382315572305805,0.514254241975855,-2.29580685271764,-0.680494288331635,-1.33444089485622,-0.953596594444793,-1.58372382901269,1.85385026507197,-0.379080029877546,-0.562589355712784,0.522269830660849,2.15503508650469,-0.0901612798875531
0.57564963486279,-0.809119874401805,-0.0938034835348717,-0.0920477571481124,-0.155075648324637,-1.29874669778343,-0.367491313087221,-0.261634892599925,0.847359366485598,-0.327672537506776,-0.0331075625019025,-0.0732920180381923,-1.0378973989563,0.555043277597744,-1.11371131931158,-0.047786133885538,1.28254654073464,-1.9689905324243
1.45812739016595,-0.273776197977071,0.0305615158516537,-1.45363486219838,1.6185621072812,0.8914067105037,1.19745069936298,0.99144412236097,0.160463736150184,0.30753988830514,1.07082312760005,1.40982555305474,-1.80048041949965,-1.97354019102833,-0.411334189578048,-1.11420803203214,-0.528344935834875,-0.791684344058232
-0.0093713990722526,0.115493715606542,0.364538905880504,-0.29602099555088,-0.540448811323412,-0.484362536618455,0.0996367648019036,1.97157383156848,0.94118409125466,-0.702573924140711,-0.485529022698931,0.35325437325741,0.729421000791169,1.03447650886958,0.271141333910195,1.79848948924239,1.10877550300775,0.475625411099585
-0.784335321865575,0.653236690255964,-0.44432083717419,1.26691955714068,0.303495341079277,-0.597548854830244,-0.0435907539804009,-1.10286381984482,-0.185552631204063,0.477309519967631,0.131606821998992,-0.812226284473005,-0.912866905970583,-0.132200336998208,-2.1159808806518,-0.799365502192427,-1.03520166007111,-1.01815060741621
0.11226984136198,0.285832335151638,0.27761237137448,0.353269896881637,-1.57588686517189,-2.64634309312776,0.58212268911633,0.359109171222752,-1.02938580478739,0.215541426308403,-0.138261266825166,-1.92583221278555,-2.18711755211315,-0.109169800972327,-2.22282113973706,1.20934049433004,-0.379455359505356,-0.114459336706141
1.20815137706803,0.00726040039762514,-0.757475095802642,0.589312584459753,-1.47259961246088,-0.0630523990324425,1.05021833177425,-0.0644514404078074,0.428251550431099,0.247760024792249,0.792005029845017,-0.0536640240195554,0.759439045575073,1.46758542100771,0.360347501057432,1.77709929852716,-0.286818059601938,0.752061838448462
0.186851618747278,0.777172922360233,0.97578775222349,0.849163021457849,-1.72162682317701,-1.62521648138094,0.365782211366155,-1.1600097338299,0.374108007655362,-1.41497301311452,-0.980109009638964,-1.28093440914226,0.268993586367084,0.316041810742882,-0.407678242222542,-1.59666575319504,-0.448987582403686,-1.20036206533278
1.12597481767658,1.60176385864862,1.4011076016883,-1.26208831858224,-1.14287271047759,-0.773785846767833,0.0931662519134994,-2.13091709594397,2.00767240998989,0.360851352553234,-1.84275216761298,0.435159652500513,-0.828019150749295,-0.347100685110937,-0.0447961802175611,0.0934533502595283,-0.125799505190648,0.142788038369566
0.111996569877807,0.0736809161704464,0.800125117925782,-2.18453300204332,-0.5306019594687,-0.117259166584296,-1.25413661552723,-0.868435840032392,0.26329893549124,-0.417287429834505,-1.24971284062279,-0.698817374813086,-0.934095533296242,-0.0221419915056916,0.49370104409979,0.0995330408040433,-0.962752804722629,-0.862520733606402
0.113289246327581,-0.0968523891632799,-1.02950375743603,0.103604070285793,0.103932731515417,-0.168856960657025,-1.42595660137624,-0.967716682772437,-0.752767568069585,1.27366995542396,0.679241871588266,0.857943956205799,0.32333149389906,0.823977385465701,-0.13405428928518,-0.276781510264379,0.360740659052335,0.478329773384193
-0.521888039716971,0.780098321513951,1.30933794185678,-1.01417452487405,-2.19495797180914,0.109573257741933,-0.0703679667265848,-1.09184952283486,0.798642848438113,-2.72180461065101,-1.62428075280009,-1.13480902701193,0.486448221762448,-0.64866330062964,-1.09677356794359,-0.824378463026503,2.03031331583059,-2.11187504664357
1.23927819768394,0.871420304141413,0.554627346505587,1.14527148419154,0.69385528501066,1.24578421989042,1.23292734156351,1.49062552590423,0.423521188295684,-0.346971507026884,-0.507641812855042,-0.664232800579619,-0.878840941060579,-0.315877683008033,-1.80279251544493,-0.265149930333191,0.0345759868353894,-1.07461946219424
0.218532384227569,0.287490079561129,1.50880260120923,-1.05683340761318,-1.06645167818215,-0.536727757789131,0.637975713349961,0.27243042042842,1.56206721515394,-1.02934451403465,-1.37686873576651,1.04546949299641,-0.778737720025131,-0.943130632194543,-0.203149941961372,-1.11961120111124,-0.834233109537117,0.338421586902952
-0.659178649067546,-1.48796579864651,-1.61949538698733,-1.62872693014237,0.0555163920821761,0.620389207509255,0.283816423794505,-0.615946551959692,-0.414031019933206,0.791301282319994,-0.278321564036182,0.831439044852731,-1.17796735505879,-1.05666207988201,0.348130296233472,-0.408180948948612,-0.444397555751719,1.62740963167553
0.353998299211084,1.55294367923345,-0.0265017869776981,0.0740708438019113,1.11891048361466,2.32198482696189,0.636114124113966,-0.498264533661042,0.69614277225273,1.31086207875576,2.27600718058109,1.7905021493909,0.87475568290542,1.00396213817569,0.824109184819278,-0.15131878923724,0.558818903654074,0.470820821269506
-1.00896980222874,0.213233694012471,-0.826110170891891,1.27267600175423,1.84698449929746,-0.618472527173521,-0.139067522620515,0.0929790494864055,-0.574752383954466,1.01612574187811,0.100593030056726,-0.488270358413179,-0.111393713036848,-2.58800430656204,-0.921650458563333,-1.42253723940734,-0.315585854441288,-1.50846627464412
-0.812594962115418,-1.14715438422247,-0.533787573255043,-1.1575470188714,1.86534326334606,1.19744339149821,0.132648197575502,0.704561424186232,0.138962110001765,1.15484877114366,-0.840205441829914,-0.0798365628448118,0.0155389950340618,-0.261660068800563,-0.407327805598229,-0.0276755740461765,-0.29920901030452,1.38778513378284
-0.638926384655539,0.61257022744112,-0.222164772780413,0.986341118474147,0.0598178501325844,0.6656870532485,-0.485893483112989,-1.32331811158678,0.764095537337513,-0.161843418266147,-1.10322368776143,-1.46559190785197,1.1827067308708,0.0440995609707881,0.045993247025357,-0.286485646212106,0.260174189697223,-1.39581857540228
0.632138003693945,0.87632881874992,0.809706512712655,-0.356630315078309,0.948328789627449,0.75939317783172,-1.00493916793065,-0.421026227240918,-1.14492307354147,1.84406518559663,0.052149616033586,1.8775813157238,1.25125739459059,1.42715530764663,0.90589060110831,2.4412458730254,-1.26213420881785,2.02491022886146
1.001689383593,0.470685575139343,1.57032592778909,0.991487915198446,1.25488785047089,1.25122690630568,0.517959211645307,1.5272132973717,0.106501326418633,0.106540189246032,0.673458334422966,0.202280771598188,0.917257871563068,0.881045005825654,1.074715418834,0.229371643242816,-1.18409960350182,2.3087111305953
-1.32747843844435,-0.0833659604540557,0.21587712544274,0.38855844842453,0.180372232196367,-0.0447921451036548,1.11071151661206,1.05452844840329,-0.447153335154279,-0.51436043500743,-0.703010699126997,-0.110312889892976,1.30527594684583,0.608201331002618,-0.151671382525717,0.590549586193732,-0.142505098799067,-0.713401133054048
-1.01183291551583,-1.0257518159499,-2.00566352218142,1.09436306800509,1.47381237387768,-0.904264791887136,-1.0237027038117,0.677802529387698,-0.452335408511889,1.17100716223506,-0.335473631210346,1.22183310077352,0.145450143978538,-0.244424611535632,-0.244026436443925,1.61453974260963,-1.49922612778081,-0.130056452208823
-0.308800561758181,0.386398687537943,-0.524501068491619,0.0194009065859344,-1.07471885972558,-1.6816243936921,0.0669982048264234,-0.81136228110014,0.302156943090973,-0.335500628352323,-1.00852744170298,-1.04026310142142,-1.75351999862957,0.121081497266024,1.56742371184822,-0.038334397263711,0.316640434520819,0.810822163179828
1.6185795986914,1.72600499102049,0.981546521895894,1.66176062459057,-0.494218740882678,-0.265428365943684,-0.247771418255298,-0.0104763620357433,-1.33326938049248,-0.270592212599996,0.831563802640718,0.201364996737727,-0.844688974263406,0.53555642555036,0.970183651837346,-0.424796840944947,1.14341488561923,-1.33804458953762
-0.127035140249792,1.68346740339859,-0.853304289801285,-1.7972749913634,0.51079063637727,0.323742074929984,0.663830144637369,0.331201870251234,-0.638697223917641,0.194643592980353,-0.0236106111257475,-1.33500466603893,0.513707800749011,1.31885514323888,1.55314232790515,1.53581711142294,1.12810336763022,0.367635943872559
0.393411600507337,-0.371516402293777,-0.957233369393403,-1.49713995690124,1.11192659045962,0.78308845115059,0.539934005749623,0.162012521248459,-1.4624983734091,-0.258327421627605,1.41720478619282,0.688583539173367,-0.727239503175567,1.14731627984075,1.87693783823515,2.20859542744142,0.349858585872573,1.19231916790762
-0.98410743072004,-0.82951492122275,-0.588983096531385,-0.526979669287071,-0.461764694201122,0.884246467040185,-0.967571416246667,-1.09000963586597,0.979519188664198,0.583643499050372,1.33900404094166,1.22386731136362,0.43845708635742,0.537825188471094,-0.586754424615389,-0.516033683144471,0.319742210658947,-0.0865044417870323
0.952968526961846,-0.224564419826999,0.280449508349495,-0.173945213441918,0.705136494690088,1.22526861682558,0.479793202856948,1.06700722518742,0.552096793452122,0.113453447046601,0.761060806464588,2.20160772769286,1.50743017674705,-0.481568135829121,-1.24460683052003,0.412263624936174,-1.38821317881542,0.882650942010014
2.16310359533693,1.74395482398215,2.59688003450933,0.997672654681897,2.26948810754121,-1.14548741001469,1.99743868093538,1.47577533046594,0.351536791099341,2.98843451683913,1.13990053954087,1.91013333305906,0.795546323491494,1.62806003426598,1.10565191158238,0.609601565989427,-0.0416128669075743,-0.716592201526238
-0.824535310975235,-1.23669676504878,-1.54214677436516,0.67405072541795,1.21031423896074,-1.85048601436836,-0.27383894480566,1.08541872411378,0.367826714308549,0.479662549048938,-0.868851729679578,1.9392104760462,1.00924815365436,-0.615381909470218,-0.583955782654493,0.370773833000712,-1.45121796003138,1.04530327727716
-1.7388733431068,-1.72006059563979,-1.33158395137745,-2.66759428476897,-0.576381595519151,-1.16061153730173,-1.12060533600984,-0.0531824000401821,-0.732004236112527,-0.669737029893588,0.0200340354247723,-0.970893067302331,0.695978672230136,0.809295043220017,0.158247722485709,0.429935597872143,0.189553605509664,-0.529747011602827
0.87554945677413,1.4509279724428,0.473553819458272,0.883568569556716,0.463439474568886,1.17039782011188,0.793163473681867,-0.573717531203182,0.355945002613267,0.949904049691968,0.44790513742352,1.37456797588076,0.676403207608983,-0.476490437537769,-0.598604393800698,-0.0895240212058241,-0.975607061274319,-0.494190992208363
0.191342598630936,0.875327397345414,1.24536713432643,1.18020152120515,0.251335903533373,-1.5466674223155,0.114798246223215,1.40887665426917,-0.244520337087808,0.564525571960746,0.570557257505285,0.495306243912923,0.390729493806245,-1.43010499494663,0.491677511995193,0.0829845938445915,0.0469052130448997,-0.738779980100589
1.23927571851658,1.23390365136388,1.01263899181003,0.502885594780987,-2.07042190619889,-0.105630653107673,0.892287079384376,0.318844786528266,-1.23266111230677,0.588270735582012,0.21454796858832,-0.479215590778354,-0.811324345397151,-0.859394889177604,-0.701318174416486,-0.0381270976656192,-0.243345887196262,0.465089257557531
-0.511363074447494,0.504312414144337,-0.425842470100429,-0.84271825666432,-0.439631205241845,-0.0823333400787161,0.0798403828853451,-1.08922146668032,-0.511497374334146,-1.32913019882821,-0.602763812336046,0.109090175306209,-0.332076123776016,0.395148507150589,-0.806927919597901,-0.20326277234544,-0.663935185374853,0.794874467216036
0.198744162331989,1.12509895111055,0.863904467789667,-0.967356325891264,0.78116126005892,1.20716003835,1.65840659578816,0.522157219603401,0.863435283206037,-1.5562518557407,-0.50163273417235,-0.173647962280416,-0.394832127809163,-0.487656636465613,1.21309111784801,0.500600906233311,-0.346780502296138,0.601326774972017
0.869867629583633,0.92223463250764,-0.113901927737761,-0.663202566913998,-0.839724268217628,1.11311179977778,-1.30175407432883,-0.269403963712102,0.0229201055101073,-0.00789777998133109,-0.560364104812678,0.33411039412681,1.33063247625978,1.675057111271,1.62470232183225,1.9196182638059,-1.12009260784901,0.853894569878435
1.93897404963723,0.969089963124805,-0.338835615421972,1.26459121785762,1.81073596462438,0.8026819932115,-0.216561090748848,1.03943303922667,-0.0691781413156848,1.4075018555591,0.900388876106489,1.55701915213152,0.49270165395852,1.31273643948155,0.784293965678033,-0.233278954331276,-1.3643313265013,2.78659533903083
0.479293911812621,0.58058141236024,0.417338838710818,-0.146102048197913,-0.638990614140588,0.768373279708739,1.72189296869117,0.525599980158091,1.78790254480462,1.2873379052663,0.702709855832838,1.15172726843989,-0.452076288040728,0.652828075554579,-0.694992082479725,-1.32036975708609,1.07549456182245,-0.0802105536740696
-1.31138060157968,0.228786646436228,0.439806615439849,-0.954720347461877,-2.6365178567331,-0.021507213225347,-1.1345704200098,0.618329501679781,-0.121431359953435,-2.46848200797542,-1.29566447712032,-0.611951440671802,-0.185152995557752,0.657686774924854,0.720052201938377,-1.11770027221371,0.822101780809704,-0.448381580540492
-0.0508078889612477,-0.540662799428026,-1.01797209599726,-1.19118397228282,0.158269019125398,-0.411425194828819,-2.03949530966555,-1.33088810947072,-1.50932571278693,-0.828199959617084,0.285066523567884,0.525662861880558,-0.103902386288572,-1.36556210385791,0.382880701415196,-0.946011095106692,1.04045705631652,-1.06771074549281
1.59142557306527,0.598470722173694,0.947225262956051,0.0361714441298264,0.584891106551414,1.31903783487581,-1.382967295471,-0.120495215374393,-0.279739221839254,0.259355772383967,0.216929819825777,0.874703324855724,1.46069391172053,-0.0549440539414604,-1.65956161911243,-0.333386300875259,-0.0498654266119916,-0.6097894293289
-0.474048143404963,-0.415994997943875,-1.81257271008072,-0.813882579285708,-0.692569553822375,0.629240323755956,0.975549613529451,-0.275316798098707,0.0994159061846977,0.917255633467406,-1.34247596800307,-0.900026002675938,0.505184393794047,0.362494110032687,-1.29127332078776,0.58092836153975,-0.481906618484761,-0.636116024877128
0.401384090439529,0.101154992804488,0.364541959112673,-0.877629616902125,0.78865047183314,0.391903804114388,-0.284974774269912,1.48776029270126,0.690179291037854,0.0169050144124588,0.652859980888026,-0.63577067195953,1.7744242299251,1.41451185408769,0.253636812064931,1.02508821350325,0.264149890716243,-0.824341726081679
-1.84244355036338,0.482650986908923,0.776071508870757,0.773506760002858,-1.2228135754513,0.221065887861618,0.441593980327683,-1.02771744615958,-0.283625275436528,-0.146038876594853,0.432806686583576,-0.41988918167802,-1.57721128832533,-0.664226583522931,0.413106638387394,1.29074577573811,0.292738000735443,1.3532336661123
2.177872718216,1.05832187647696,2.90918927478814,0.178213344139418,0.202250664847012,0.914655373451772,1.87524347993415,0.673944065513953,1.70360836101564,2.29759593423582,3.06110584343724,1.40935548587601,1.56299869064164,-0.161762543816056,-0.564504263700258,1.40357310101691,-1.0070793056075,1.38030548461914
-0.0791000895342888,-0.902791061206627,0.623825696067087,1.04620596752109,0.290287907767909,-0.278500767948277,-0.372598910487519,-0.700343770521481,-0.487516447182628,-0.330670003138458,1.58504098408602,-0.803600305634751,0.196826052048884,-0.33170404311253,-0.309350084025578,-1.32494182406018,-0.0128739934371072,-0.437176422169218
0.793020168083319,0.103939026687003,0.0971144018087026,0.776309248451136,1.12278569066782,0.538437705890269,0.402578767558172,-0.517077871692847,-0.685717169091147,0.763644477808299,0.765233312685156,0.998217418077117,0.328002621108217,0.191313554227266,1.17438007405146,1.06117633897559,0.755106201340312,-0.147503167643778
-0.169200031526566,1.17582703690144,-0.232540328882947,-2.18262120564014,-1.87211891288942,-0.627886972818176,-0.511705486994067,-0.49068565699192,-0.337798205212362,-0.229159416527827,-0.904158501101885,-0.46537595894519,0.121034452334583,0.007022037629438,0.822225471260058,-0.160384690371087,-0.237908777864297,0.164671446524179
0.0962652324743595,1.22855515993827,0.475014633637519,1.83879392891705,1.12879977052673,-0.68312804086913,-0.559477562352281,-2.04370290450252,1.21805551356122,-0.349561667741175,0.224995645289633,1.41358670123282,-0.58738023543,-1.08015112006968,-0.496976339874502,-1.4068642002312,-0.740058127975056,-0.844623760405091
-0.449802759178022,0.168867236658162,0.36485804677756,-1.83483063727104,1.62394459012789,0.0313698836708895,0.757288009969219,-0.625772713659159,-0.0290472990496138,-0.372807755712235,2.15557788861016,3.13271026350239,1.92224224424484,1.10115666946114,0.552179018436785,0.699015305536036,1.31756763011988,0.662572479693248
-0.56898862590081,0.936635015405558,0.098987164227222,-1.35921180233244,-1.43056816615104,0.961506290444954,0.130440193211306,-0.373793684372205,0.425835455618085,0.80962830901948,-0.303353338238684,-0.843524339121324,0.168174157345433,0.732092595498433,0.959485042402577,-0.091010340920356,0.273384469494202,-0.309541022938856
-1.72393048271854,-0.561186245874573,-0.678857786698886,-0.491313699831076,-0.358828985052323,-0.371385214478078,-0.326727803247937,-0.233297743463374,-0.399528915260089,-1.31162492843761,-0.409845569547005,-1.39577825219407,-0.741842251710741,-2.24987510046309,-1.18744073228717,-1.13532872042562,-0.295844532320484,-0.110278610857947
-1.1484570550195,-0.803850977628286,-0.344197403152635,0.936121400932391,-0.0835962503185748,-0.485448408755205,-0.0819915969604123,-0.665179817581139,-0.150289656774368,0.185000210545095,0.369606942905698,0.122423603528189,0.645877070736344,-0.915581442929821,0.0548995968991678,0.412865934842375,0.342408462772032,0.964112055811777
-1.19668549178728,1.38225730214669,-0.656271254101956,-1.20902700327653,0.307659367979151,0.589762024269403,0.741236720422559,-0.479958432401164,0.350025368761415,0.0842459428665003,-0.750235859078734,-1.47728189529925,0.835531937501137,0.524598116642912,1.09381818253008,0.683138433446107,-0.14354247555618,1.36625211964899
1.14629441865079,0.893116701819577,0.37319582003267,-1.00104620471269,1.88526464291304,1.21344178202872,1.41619784734185,0.49676350176503,0.786953713984865,0.696042986247575,0.281850510212532,-0.164698408844659,1.34055545584556,0.845300180418218,0.0752900578322365,1.09405266780595,0.0990780869147222,0.730679176788613
-0.443563796686936,-1.52115924317596,-0.970500734953795,-0.199520907662955,0.548083723480149,1.03151651781722,-1.77321083526671,0.499161081056959,-1.20548936655667,-1.29129356427926,0.187812936851291,-0.797779020656732,1.95635426689602,0.776867267996427,0.392217152942032,0.839526997985851,-0.536863763616569,2.26686498670504
-0.461050721223546,-1.47807180672231,0.0321792286897798,0.230353343879989,-2.1431484265706,0.128208704287928,-0.604399831180916,-0.809050004831815,0.161780534189423,-0.743660446879091,0.629304339269725,0.252868392609437,-1.4934302588851,-0.706188317698134,-0.160304364062132,-0.264083745977156,-1.39497728271803,-0.777662646705413
-0.544968300949635,1.69579963225588,-0.327861709837441,-0.57055775725414,-2.29880848201048,0.145920420768916,0.527285121634104,0.177553218225508,-2.55075333042146,0.0142496862655243,0.271237702745681,-0.488834586304398,-0.405083814975566,-0.930132008897984,-1.11896599696462,-1.31372860892466,0.156518780307393,0.0257176475381552
0.388374042005418,-2.17089345258847,-0.26712768334782,0.00769556141971419,-1.01929556968145,1.014063164012,-1.37298245152556,-0.590878685235387,-0.63128809212078,-0.0891976034454283,0.466995079387906,-0.703174120559573,-0.741622593145361,-0.765684813298913,-0.841546037857947,0.945705691888792,-0.495006914184122,-0.882637356622112
-0.582490700766749,-0.571753845205752,-1.14068316218433,-1.7037530415811,-1.76619563950112,-1.08987219211964,0.877356991167627,-0.538603901294405,0.142721935702059,-0.247863892688127,0.625358549448398,-0.230575914683194,0.266670304571976,0.746895209869142,1.18543482729679,0.0442173595244889,1.13727660567035,-0.15902063647188
-0.105319207257008,-0.902514447352274,-0.945104518462607,-0.409082428961853,0.636963459674844,1.72896688458756,-0.666255861365232,-0.65704871686681,1.48707263659874,0.653065869090975,1.7487661320238,1.82498188049078,-0.426402303732407,-0.611319711213374,0.513136384055294,-0.700728076106314,0.0678330852002703,0.961078525124447
0.503822828230205,-0.686622560264356,0.67258230818355,0.0550235743492768,-0.625987047785632,1.23063519182904,0.509103380118629,-1.3355346997635,-0.124531554289303,-0.186954735343087,-0.550166076396906,0.578843992282235,0.548352252773648,-1.92911115797201,-1.3250397326025,0.899765558413603,-0.28360292841843,-1.3387138404728
0.898058183134884,0.00867267858950831,-0.381907672349061,0.692381093896779,-0.286272062445992,-0.214570889480908,-0.0209793275882309,-1.04563318022642,-1.48840370011062,0.634881325584057,-0.594454740864578,0.0881834880065185,-0.299609068292204,-0.297958368167993,-0.646871778428996,-1.50898417139739,1.69267967675043,-0.848308094772665
0.509814841440816,-0.379564933778247,1.278902611673,0.742080466884258,-1.46823301685,-0.453870935894481,1.1055252414317,0.936541994653503,0.405775866977787,-0.966459571185897,-0.99372447618127,-0.514141593053016,-0.594625527239822,-2.48058577107835,0.169692324018837,-1.55450806900398,-0.0882459754802206,0.087849938875003
-0.9405229844314,0.00387273292908205,-0.861046101423181,-1.76804644799115,-0.263279771461602,-0.808969863005945,-0.379370555705495,-1.01918404137922,-2.36899359767488,0.00411853285761884,0.155520284172035,0.82605188625597,0.623663811534061,0.967399405271812,0.5397258067251,-0.00884671344792943,-0.382744806645665,-0.65405200710263
1.92621233176258,1.39296513776077,2.33105195220183,0.574585724508636,0.646912726022991,0.671301508384899,1.78168250430048,0.212261955672593,2.74999148679415,1.87233976217949,2.18783104072269,2.13373854317085,-0.849001418292762,-0.585306212145309,1.49828244049768,-1.674126274483,0.355068574825518,-0.438299190046683
2.24760609199877,1.52289491831666,0.986093119881943,-0.410919239498755,-0.77387274029724,-1.08572084634379,0.445354706669934,0.110398018790016,-0.427291644587205,0.0197268080253513,-1.68104402294879,-0.991609161154092,1.15197758794997,0.303896671050739,0.0355914070999714,-2.35103180436405,-0.48833777335061,-2.04566844048151
0.877083026422079,1.38093218972153,1.07161045273143,1.6154659331109,0.557748930064032,-0.0100913674459852,0.137278403625308,-0.561685450321633,-0.314822955528856,-0.32472222286236,0.147499309738296,0.199529270819411,0.0105317888525904,1.15597825593189,-1.14910738639135,-0.598281971328553,1.13019549865807,-2.64462230081903
-0.591903710491608,-0.0864195785790152,-0.730862587880616,-0.140783895410046,-0.266649653386701,-0.351273666554188,0.834089993037025,-0.966363931032803,0.336675983389686,1.05339670652782,0.171612874839886,0.529461889343307,0.337381420239911,-0.756298127645049,-1.42338286441069,1.33888619558674,0.0724408507094959,0.576574513478734
-0.349637759480733,-1.46289795591569,-1.11539907340942,-0.192731944117603,1.04170227959013,-0.615750486431239,-1.30900246949797,-2.22781776184456,-0.761741283533148,-2.05064864255704,0.701821257238757,-0.52095007245373,0.472929754041069,-1.04197232246918,-0.705222874097217,0.325916672195665,-0.72502006912956,2.03115649179917
1.50302400694184,0.428616378603516,-0.0200742374426894,0.434535495445548,0.128844023379822,1.0485346844291,-0.239183300221116,1.70342815021214,-0.279167535376319,-1.6856732316686,-0.193984249409228,-0.10121181982081,-1.05709121792973,-1.05773781027607,-1.49565684976678,-0.13906929787655,1.92527038783922,-1.54834186456981
-0.627422849740209,-0.728257113632702,0.163761346878678,0.676336835541181,0.839536984185209,0.620580145060314,0.282391365319133,-0.776193996132416,-2.15545594102145,0.527915943117247,0.0537209903188752,0.385973697182716,-0.0416720563646809,-0.475653673853218,-0.263731033005159,0.0490470560385203,0.54344400728496,0.201604632564935
-1.07693747424519,-0.772279939856778,-1.04530199035619,-0.199120712873934,-1.44884423907494,-2.48605973954359,0.307855192949593,-0.284322928724482,-1.31289112939589,-0.288946975637699,-0.690365343414596,0.517838494800126,-0.139656033528589,0.0388690402088749,0.895264163519697,0.639260359832597,-0.202007482713301,0.274235944094216
-1.27645078945105,-1.24754510116385,-0.924049736642575,-1.13718953013621,-0.714287044415085,-1.04388203182037,-0.660373842240074,-1.2586683692653,0.450914333320447,-0.687838216485782,-1.00723109787895,-0.595429715633212,1.12824648610115,1.08790164800773,0.577750116797834,-0.547902372975696,0.206778603110348,1.60921157604043
-0.0551896769974511,0.316417227531791,0.0401228843633118,0.0412921481499416,-1.14871096527922,0.222502567978712,-1.02287694824599,0.524870711439993,-1.72678765112115,-0.46869607189272,0.121783998427149,-0.369732867839412,-0.539352155244008,-1.4811257278235,-0.854797327560653,0.337900051849157,2.36861680121442,-0.133916128879296
-1.61578689635946,-1.2324852918661,-1.61807004914971,1.13806203851782,-1.3028566959539,-0.197846530865114,-0.00476204648343057,-0.740808614775259,-1.3003355246027,-0.120729464816684,0.164499210819081,-0.838598661856807,0.233006272049528,-0.309065675044333,0.701348150408638,-0.0262747430366122,0.698850446773242,-0.817728885742956
1.271910687477,-0.144186420313607,-0.665758072602857,0.15097901531871,0.0962488758984017,0.0381570893166253,0.0863717676822792,-0.440150606547906,-0.375511644854122,-1.42320342772281,0.284288025171225,0.126594672276797,0.210229578602955,-0.223210603670694,0.898307874146748,-0.983658875116107,-0.807363789030871,-0.521812960692104
-0.718473840993504,-0.155265146616527,-2.14027338914309,-0.249059508721595,-1.18481595619996,-1.29377822046116,1.47543428534367,-0.308670821433919,0.625568636228613,-1.77345152255351,0.352630153503138,-0.33968596896535,-0.04858789981577,-1.8973096963483,-0.154404557088376,-1.45219868704233,-1.68039061776755,0.600652894753467
0.942567011109962,-0.324054123159902,0.790762371333157,-0.948226391760955,-0.751448860361322,-2.60409096022379,0.161410654961157,-1.02206228412837,-0.464841577014473,0.51538819942749,-0.616993486501177,0.324831429443314,0.147939141480727,-0.150856340656415,-0.622984355273913,1.01928580168804,-1.89226176535938,0.900467210589745
0.637827648801122,-0.889728841784879,-0.562144923434217,1.02402422797485,-1.77947944663971,-1.36965012936874,-2.4751867706727,-0.425318462121895,-1.5801124724258,0.783055868830676,-0.430954141135677,-0.491477701040387,1.54746578968955,-0.149218010571229,0.984580488130999,0.0924171966743546,-1.40781963783827,0.275693450830419
-1.00997502779396,1.07986431235378,-0.294630586222139,0.212507900033233,0.32546642323372,-0.0527574892370645,-0.0372930634338701,-0.528169845719093,0.975131004521716,-0.422696622258848,1.18436450661863,0.258050197859259,0.0254006685048615,1.03136121321978,-0.0399436314567905,-0.26857666540411,0.316437141386165,0.395223121829137
0.215320259323509,0.556516592985223,0.383835170947726,1.04714156355197,-0.560468843437631,0.493279736438063,0.995597378467367,0.201170993830318,1.56110847525686,0.344658739004887,-0.418427181189758,0.334459441499924,0.200790021780289,1.26743958414593,-0.7494152053276,0.30722898558467,-0.669159335156713,-1.07582037223605
-1.9165181457375,-2.4879041388037,-1.41741128871647,-0.0817131024550567,-1.15711205221833,-0.567678069157953,-0.64286860165078,-2.43524132432957,-1.55936517511664,-0.787329020383342,-1.10868621638702,0.306182153423671,-1.3348588777716,0.346723014469113,-0.217273939509098,0.814582941603322,-0.963514082317567,1.31505453048358
1.29462329604387,0.720567830608192,2.03908099359993,0.94306644980556,0.349109133344331,0.0814007676620696,1.29613334876478,0.878383495446997,0.98497341684843,0.925484083485332,-1.06843088393391,1.02853377893751,-0.330352149352433,0.488449078989735,-0.182012706032237,1.56923897948137,-1.36071897003627,1.36262416888101
0.297062298407382,0.99420495223457,-0.360629483642463,0.784298264445513,0.0114372377043493,-0.415007547257855,1.23016622828493,-1.08532035581591,0.127615059118228,0.338483777633798,0.602245508089599,-0.356225986848987,-0.320642460806369,0.816278774002513,1.69967546438532,-0.74683381748411,2.49522155413825,-0.851500484943596
-0.38475132215258,0.701211486411306,0.156145439133617,-0.0484999783851527,-0.50529058102164,-0.811468929877912,-0.00986778887789054,-0.870835638054342,0.926653277789121,0.00347015550118339,-0.395612661779004,-2.04770190980619,-1.45713078919129,-1.3743987504909,-1.41270377281361,0.911060592669165,0.0599110415712127,0.0732659186677495
-0.840746615433043,-0.643493515194518,0.0784509637878556,-0.973213178943121,1.37328902302235,1.56062195352429,-1.13258627388167,-1.68482010418257,0.0150899635166276,0.391063541486024,-0.643414547409143,-0.191213163156064,0.269627727654819,0.96335758239626,-0.202060123197121,-1.62491914974717,-1.52762628103396,-0.330683272674456
-0.32201616685032,-0.097265527985718,0.335433990728783,0.324870904812444,-0.0198170788062126,0.337175075168973,-1.31350868713531,-0.57343908387371,0.421130612113841,-0.282152874210585,1.29765815426824,0.458014269682724,-0.703744684754919,-1.61772326680794,-1.24275400616552,0.78217436486785,-0.366747678277838,1.81714501674104
1.43019716217304,2.02168709164753,1.0857297426583,-0.746601802723292,-0.200233884682582,1.53942070248654,0.579182335834649,1.58942390524976,0.814652890775815,1.69396626019249,1.23119028349236,0.0552572384131381,1.17700030398054,0.54018372172563,0.926366122913879,-0.809337567285424,1.21939950569191,0.444103212116895
-0.351881069334732,-1.02733599116312,-1.17316387089634,-0.411424470302927,-0.580902731091665,0.449586586395243,-0.271774132130576,-0.0642056160415724,0.661538211229769,0.222808846656556,-0.258706082233185,-0.108043945773799,-1.65068311000054,-0.543430931900506,0.518505626359275,0.731511128730062,-0.171377491388278,-0.763845944560294
1.02247069744921,1.42516984381231,2.03494018437418,0.615895642637616,-0.0671412072238052,-1.57964022072906,1.4441275512538,0.36818597819174,0.703335368816204,1.35799343501754,-0.700908368308293,-0.42209040899737,1.34411097264577,-0.737389393466871,-0.341988268717409,-1.05782389885425,0.751350790923396,-1.76613019846028
1.05998577680552,-0.479813226741149,0.957896264315094,0.166150064446764,-0.407459320836654,0.206906700212779,-1.43314075889464,0.562279476196639,-1.57517056650848,-0.445448150359936,0.446365693806025,-0.453152544092179,1.46267187276812,-0.0645224095420331,-0.785004096890841,-0.439903201674288,0.043359232392831,-1.01956577580637
1.88141368371278,-1.43720550935883,0.388033575535395,-2.08834508182481,-0.710041287643862,0.124754482673448,-0.234634163125931,0.146185299464864,-1.10975245084429,-0.581408619560517,0.285685588521035,-1.6064460949894,-0.377930060900277,-1.14468345865204,-1.68793943198447,1.46993598297981,-0.857680057348107,0.832470748196468
-0.126519677513363,0.345217509972517,0.0745758858236614,0.0520854436983938,1.21300935616955,0.461097888667255,-0.530739122894431,-0.38320087394834,-0.929796004950767,-0.201225981955751,-0.535941258943995,-0.322570815663064,-1.10013841868136,0.79208631303404,0.451585360290101,0.28429017505377,0.818574544352282,-1.14165871233462
1.38151722598232,1.06521847165363,0.359219588242149,0.539360546254041,1.36102208873678,0.343058547595387,-0.726232972191925,0.176340146662806,0.857056659283188,1.12687222222255,0.926157280906713,1.25332470886299,-0.072981913797925,1.30310364869354,0.227571468071164,-0.32919818341342,0.34035138026411,-0.0996262169660716
0.539141189082176,0.0888543082171232,-0.0569365357832403,-0.193440271230638,-1.78035181093153,0.840396216726985,1.06378289092998,1.84068430603989,0.570926316575934,-1.01331856257358,-1.28397658201113,0.642951775837645,1.11883118628249,0.199234526346916,-0.970917496141673,0.873237044950786,0.311213433535856,-0.70406019093163
-0.358609327116821,-0.120819094340999,-0.0324584407633194,-0.462505762721512,-0.828174833654263,0.693088112907841,-0.821979636458122,2.23727651530046,-0.87219359861195,-0.837620726522674,-1.06709326743907,-0.990440851237568,-0.37828287131934,-1.84269499901268,-0.787602487482671,1.65084983073451,0.399100067501554,-0.0938631102154468
0.607697989762787,-1.40893300330379,0.408326961066247,0.830780940875617,-0.0523057718874065,-0.482673969202501,-0.95666567470241,-1.42312123894551,0.527887991173063,-0.629555655325152,-1.02917660350784,-0.0547358783328273,0.321098685321401,0.372970573123978,1.11569449749458,-0.0137349842673694,-0.442948590640602,-0.224067858150171
-0.509369540659913,-0.231865387302683,-1.54581779855789,-2.64706963545793,0.221870309926464,-0.431124836727184,0.593081910247861,-0.796362367923801,-0.0382228310778399,0.955618457774463,0.472258674392099,0.759408044085813,-1.26674953154863,-0.381539923786221,0.004517388459201,1.63614093859392,-0.489977074457606,-0.320376308049944
1.52255589790096,-1.11553406614052,-0.528526119839423,0.518617045739078,-1.43351657260801,-2.12436314946723,-1.0215595769464,1.30586327474303,-1.2696267255388,0.101223230955802,0.942158314441848,-0.325441872877222,-0.778931075525444,0.692587395267322,1.56936935156875,1.21532359208395,-0.662283818161028,0.203389040830716
1.56656005414197,1.00260250728257,0.897543854935319,1.72669245186257,1.61425045687748,1.40072645339827,0.842501395472376,2.53357950584732,2.15742640401937,2.3355361889109,0.637323451967352,0.97798040121671,-0.713514640805147,-0.87452167177734,1.02588978511291,-1.22086095436191,0.704387682419415,-0.319150622146176
-0.409148320330819,0.497654432870608,-0.715553254260542,0.442132622982333,0.847975252196265,0.290976500665706,-0.733394122821884,0.153460632037668,0.349581996485354,-0.413262261220718,0.846691890704706,0.405594880641052,-1.01130356460164,0.823167483202091,-0.795004747932019,0.751981130874023,-1.75316692488499,1.22174483227357
-1.85484488069409,0.214773496548078,-0.637418452404874,0.405713615136001,-0.36506367655082,-0.193810404026281,-0.148260763746765,-0.589669937480525,-0.109608067662203,0.399019476312608,-0.0271772188886402,-0.605277127567699,-0.586983219014327,-0.511959451776048,-0.108904182447217,-0.552682400887879,-0.666284420877668,-1.58227096461226
-0.967042215424272,0.0536262972317117,-0.926767681811217,1.44198438726993,0.0909535242085192,0.374160822298491,-2.61312808315768,-1.65536789071923,1.84389856550337,-0.4634161874091,0.480245231111781,0.276807582234933,-0.511543787600239,2.92227630642824,2.46999628265562,-2.40148975711361,1.5123316182103,-0.925074503969483
-0.529073380109579,-1.60144286854535,-1.37130219602666,1.84155988713975,0.0300832657414516,-1.17340985788823,0.55017617705916,-0.576892926293262,1.65146209060434,1.44898931372836,1.3954876513799,0.307790411282916,0.900025766935463,-0.904894699705119,-0.236906334613984,0.419924006359954,-0.736047969590692,0.129459792907273
-0.836288387559555,-1.63473674174525,-1.36847504723655,1.28757562735934,1.12958077777635,-1.11803490791806,-0.958344251854347,0.6420660691771,-0.890811303162948,-0.506431647527736,0.312884551512909,0.291371675891291,-1.83233865949936,-0.8466796274181,1.0100344673451,1.28921460932134,-0.749463097899072,1.77233823530058
-1.57104176368059,0.93897444375987,0.422747230150745,0.760068948870457,0.127946084638757,-0.791120497579571,-1.34224353197264,1.45507883341615,-1.43798753393149,-1.66408927266854,-0.992080127689576,-1.61545156608822,-0.812959278841383,-0.531320614813397,-0.423371303361495,-0.35699247308487,-1.17473289095505,-0.606476945810047
-0.461382393561344,-0.0203010420427961,-1.48312757654654,-1.07320797710818,1.41271342195084,0.381149406810123,0.324950318614497,-1.01870329191671,-1.40879350799787,0.302003839951103,0.201011200361045,0.846650766330231,-0.813494108362665,-2.0166778353474,-0.948121461632291,1.26816140108509,1.49025753579296,-0.608447276989243
-0.189576442242922,-1.4706425300565,-0.0531384899149222,-0.238272773772058,0.154044392216749,0.942436712659094,0.769859640373892,1.16949883411105,-0.041039476309224,-0.832402698512312,-0.477288304013767,-0.388574328783366,-1.31404559660434,0.83304997125717,-0.427590972541039,0.471341656949974,-1.08950644983381,1.29469528629411
-0.792089933958445,0.931959485071487,0.30832373840177,0.249463370736103,1.03768512305992,-0.833681275581178,-1.12580725848141,-0.799452243967059,-1.45208873888059,0.81104240420851,-0.00635588582698798,0.628980086265181,-0.841870256348719,-0.605207490543094,-1.37335681850645,-0.436145881347362,0.0453087517886444,-1.23177524450897
0.549798948855276,-1.3358619159146,-0.0853401301458576,0.279794013687196,1.02651905273679,-1.05372049484596,0.0468164901915867,0.861591087754256,-0.359385939494603,0.109450071516073,-0.949570501522413,0.0278461238736303,1.41657365786244,0.384178843083711,0.632673198037824,0.462138156004126,1.26517918162141,1.16990990232099
-0.0642009871407335,0.414909091746213,-0.653326476806062,1.15348926776831,1.46039797710745,-1.16970083164414,-2.20090674218268,-0.762567417455059,-1.40645616947758,-1.48954823865449,-1.59110571656522,-0.421393951194199,-0.718008594176768,-0.798672717558436,1.0985615057618,-0.537839566031785,0.555162993041754,0.48845351833802
1.05511246963541,-0.459970529342239,0.56650115753297,-0.888330373227727,0.24341351328803,0.23386204808352,0.373533026455821,2.05905311155538,0.550662952880797,-0.0170511568278965,-1.10484369200386,0.106460175001752,0.0481441382480797,0.225773883052529,1.02517492682501,-0.288010003359534,0.243591006626123,0.758027319399425
-0.196895898496243,-0.865857134408447,-0.0361615854123534,1.33406922616364,0.887431960170365,0.127221560488558,-0.126271534038205,1.47370596157588,-0.284593328322698,-0.162031022078928,1.72535135785541,0.219044365970289,0.464491565030419,1.96530401801683,1.7803226908967,1.69983889481716,-0.0485639984369195,0.248864403512889
-0.367114253163162,-2.40759950595174,-1.76278414390511,-0.848003158076483,-0.888438744165489,-1.58685001959267,-0.946372164438698,-0.531977630202872,0.150255602746515,-0.598622176853424,-1.36079779684269,-0.543983456151181,-0.839784397719539,-0.169679906051867,2.41372692484275,0.561449000781118,-0.211579579503463,-0.469852645800278
-0.705889792882529,-0.656186850727679,-0.727172613494275,-0.532628954891916,1.01349883735222,0.504619677285231,0.0548194630171278,-0.110696913271272,-1.41807744916675,-0.403345543115604,-1.00616502940287,-0.517242623469069,0.23025486434367,1.08639777561179,-1.02563671880375,0.566948950399136,-1.64811134669214,1.38415743748571
-0.210333016272883,0.0685072275861381,0.217013999198892,-0.0620475577549599,-0.328197036610307,0.58814273357073,1.18773768153024,-0.698813432592826,-0.970506401666603,0.833811077425522,-1.56400886374101,-1.53783458530782,-0.771121603489714,-1.04408275069248,-0.234679995279498,-1.3644545713485,0.456358122123014,-0.220510428973944
