"ComputationTime"
2572.66499999998
