"y1","y2","y3","y4","y5","y6","y7","y8","y9","y10","y11","y12","y13","y14","y15","y16","y17","y18"
0.114547576260581,0.835258845695673,-0.521069593707987,1.51402778324941,1.08307993618736,1.52492029773149,0.788509261231481,1.40219696888621,1.2798340487226,1.08601166086235,1.18138272033059,1.01142071401113,0.549351643540051,-1.64863699367875,0.179361055116933,0.930269568877149,-0.667786995110036,0.897004245818194
-0.602004862984427,-0.735639049781768,-0.525920353421627,1.33620342816783,1.93342177806744,0.294250792889195,0.0203351503615324,-0.316600677343663,0.306939356841356,-0.697521001296754,0.21933307620426,-0.122682511617594,-1.64688004041898,-1.57861327971072,-1.63947101894979,-1.49932281185014,0.120239264667433,-1.67257427881846
-1.25954482905085,0.0988344076810406,-0.465385559940337,1.62328961862521,1.0188407032592,-1.74245776111099,0.776976707948682,0.800689513419622,-0.693132446234776,-1.01354204070198,-0.786359422962577,0.0169345533609195,-0.968856258799868,-0.186575060204538,-2.07213632945285,-0.356272410197268,0.563929860718911,0.983144182627773
-1.30767869168596,-0.655695944850615,-0.493597806408381,-0.684914705293306,-0.0117307759216985,-0.97131878141848,-1.34840757923457,-1.25832639928311,-2.34234985459738,-1.11321583913688,-0.436934383858345,-1.72621721681036,-0.311645481955939,-0.920943283156415,-0.142550600001834,0.724109095431704,0.501683392208877,0.243883154203605
-0.429150543124585,0.266347039391078,-0.840586371106983,0.249147398625017,-0.720064844350435,-1.35275472478709,-0.887889155808012,-1.06077778995794,-0.423854610123856,-0.45163131699748,-0.582888958496491,-0.887433238578192,0.196453630322061,0.297154256631314,0.718012807261247,0.37305128414129,0.453135466323284,-1.0391799197051
0.208073072368108,-0.918487367022622,-0.344902337830893,-0.350171526863235,-0.645437434034916,-0.18554407632027,-0.856763639857865,-0.951692594866081,-0.640572453789593,0.637197441978359,0.533940582780194,0.381944817116946,0.509717543455297,0.902279490003748,0.512615065684898,-1.66088570638756,-1.82779727360865,0.550176527925623
-0.906049900831771,-3.22889212387483,-1.38751472271262,-0.369450016899792,0.0602741545060947,0.354054561596832,0.919915648567741,0.792683213751644,0.0476583281433425,-0.656163497631902,-1.10114415328875,-0.533141594241185,1.44110326147869,0.258872738438928,-0.648478946072475,-0.0293775227617503,-0.100958090456034,-0.62231025122902
0.440859620336863,0.304134164389531,-0.114809484592743,0.205223402668776,-1.02161802471298,-1.06467985866131,0.920593741097456,-0.756945337444428,0.0270861317539217,-0.14379563693958,0.472964659766725,0.330635391388867,0.921007994707397,0.504249209135704,0.0215114518693333,-1.0484191803908,-0.345637342698853,0.182869265494008
-0.364003901940718,0.0128252494244335,-0.111205219640524,0.427415092409323,-0.514948573730641,1.71474922090547,0.732793769063428,1.05987041931868,-0.926597346611727,0.491045995075339,-0.396556984115751,-0.617981307347439,-1.61272795293232,0.741738142500376,1.60520634007996,-0.0605306480105667,-1.48301282385767,0.324184141194258
0.953432055407004,1.27343178173867,1.32869575832983,0.469831187066092,1.76597220167628,-0.30757839530222,1.2469753686658,-1.69810744452264,0.115447177301373,1.03785068750887,1.99830774241615,0.470755939084231,1.68173701748807,1.61110011850155,0.877924115243913,-0.644298305458006,1.23816227176245,-0.204343065473349
-1.71897174111418,-0.785995885913018,-1.94031317085802,-3.75105379891648,-1.51617385164945,-0.848866772824609,-0.390009320880522,-2.07378567548951,-1.41668294282407,-1.7375232042837,-1.9502411323702,-0.41150568982372,-1.56036627998185,-1.43232732481027,0.171219515031982,0.698385359177957,-0.26787524362174,-0.0421108332631362
-0.420902399048572,-0.570894830150048,0.599782848425195,-1.13020724345206,-1.11361909928476,-0.624195263454234,-0.978159759331318,0.794542116254558,-0.841190958511765,-0.699683509265137,-0.246359182879273,-1.16999697664819,0.0900222376706385,1.58475115769267,0.0982997954329555,-0.559417916822777,-0.283862339169929,-1.12404720014465
-0.356067910604377,-0.719521831072787,-1.19914898421809,-0.652080328519036,-0.802444773663053,0.916786131112241,1.79639797254043,0.0340432293688105,1.27479604197308,-0.44285239789626,1.16965699841202,-0.856758294837637,0.118919328272436,1.32335041270355,0.159500528967966,0.744144559652897,-0.889341421447215,0.00696865031534398
0.030108676478776,-1.30209052318744,0.133419643980918,0.128339978700235,1.287478745485,-1.18328896116938,-0.238801250660762,-1.02110162330318,-1.44454413159762,-0.010828638730729,1.4497895878971,0.47293808508597,0.597191948658615,1.09495476123585,-0.551292284226578,-0.0432935434480011,1.44034999148836,0.107219413348248
0.845442800015116,-0.879211390050973,-1.11124830704709,-2.08896761760716,0.158176746949467,1.17164396311399,-1.17275477989222,0.912150108041528,0.109887900415609,-0.888161211546122,-0.145281708055825,0.394019677919963,1.13171967804086,-0.0249207457670534,-0.18121281961838,0.120481394213743,0.315065945100973,1.64194297749248
-0.831774463930344,-0.114795685724666,-1.65026899954268,2.16141693667103,-0.277037824043407,-1.89451711280279,-0.671765953676463,0.596591118435923,0.0339951302692524,0.0461971046040306,-0.208878696687084,0.208246609980935,-0.102763407624563,0.411497927046519,0.298058623267084,-0.410054686107977,0.119017586457369,-0.154129501709807
-2.71998929538816,-0.897502501345694,-0.872135388578408,-0.561580214274771,-0.302429173218711,1.30197861081447,-1.25044408749176,-1.59342894395903,-1.14257792595625,0.322268658989599,0.849695701337635,-1.16798239256115,-0.239707681076327,-0.210265018888466,-2.10017817947908,-1.47665372626998,-1.42986103117823,-0.528728414417456
-1.20961566725264,-1.36491826152445,-2.25868849074215,-0.993125458237842,-1.12774890561424,-0.427930272133924,-0.25840005543097,0.158877901024488,-0.341947566617387,-1.78981997441811,-2.13645311708748,-1.47703881347946,-0.875767812479959,0.683455337234076,-0.61841337118641,1.57915614827106,1.28558364593901,-0.690922488319126
0.28367223160122,1.04379416868433,0.967503651019945,-0.236142301180077,0.0504426282101399,-0.160036769271215,-0.149689664890426,0.891206953930128,1.12286892812846,0.24056282707479,0.458958019333168,-0.260436886567915,0.455556929697026,-0.739372715859996,0.55741157486436,0.0940117118224356,1.40621548939595,0.33767624185757
-0.0034552665696292,0.251451971798243,-1.42522640450245,-1.95776399250726,0.670046185437429,-0.696454182209313,0.25744901342269,-0.00467186690409121,0.0903410762621171,-0.161082166577577,-0.10064217647779,-1.32284703186075,-0.647187914553317,-0.979008295623825,-0.202236545402462,-1.00592188940512,-0.341512138347637,0.555530888164433
-1.45539632395026,0.312757656411348,-0.623047717227903,0.137354829567965,-1.10507963991086,0.0282265007665495,-0.418946579568939,-1.67862085164383,0.765855078032448,-1.22757330188577,-0.972293461128249,-0.0357531195607405,1.66629636551368,-0.271591191739837,-2.04241161969622,-0.172156293778006,-0.839985339964016,-0.638404823829789
-1.42408618741401,-1.3787285898011,-1.14284116015188,-0.825628239715567,-0.146274537377448,-0.543907918849104,0.829087869214056,-2.72925987749428,-0.669729195410673,-1.88477173037635,-0.42298448919397,-0.26483162323484,-0.105595156614657,0.152183231137695,-0.647138156271912,-0.177601544065269,0.147014266489409,-0.0295515696150624
0.0924311006905524,0.363170415335683,1.19127052879901,-0.0496711111570948,0.203940973199425,-0.745409554348397,-0.264958493746624,1.87085386128996,-0.596966203966218,0.118602646986369,1.01041548068639,-0.731500290757376,0.0182982074490096,-0.0954743712797558,0.0859615173677747,0.777608284322163,0.64576522325844,0.0192529558669847
1.51170362030938,2.27231617437741,1.17441046336011,-0.145354439534585,-0.390740517940829,0.296562836364947,1.07618181144031,1.57395526189082,0.11120127250058,-0.587492590584802,1.67947458439449,-0.35031336853935,-1.38769502024779,0.271372552022879,0.652066386072402,-0.290788018072803,-0.28782587784207,0.231031603287309
-0.857645340376876,1.96423171529599,-0.254680065875014,-0.291477217912253,-0.462182834252116,-1.05582645559749,-0.668690200269445,0.499804500870907,0.598580480263659,0.560146527897832,-0.489027818045965,1.18043627429286,0.336730610518877,1.05101941783124,-1.03995452238167,-0.443010378900513,0.883299184499118,-1.32336746391799
-0.454713812190362,-0.0641734188638036,-0.0656211422302716,1.79844391195384,-1.32118960837395,0.664853184982677,-0.963950985068628,0.324243998548395,-1.15499146672112,0.449689744682733,-0.000593562743253213,-0.00468402007936836,-0.93570193673321,-0.172764787618716,-0.33674962763243,-0.899482557062045,0.943191011202634,-0.76274061987369
-1.76026238137756,0.0906494079118389,0.546153974576766,-0.281480600845472,-0.211394061527334,0.460857462064511,-0.257765130705869,-0.772127630426829,-0.582918710385973,1.16338615416122,0.782255497646108,0.0115421553769284,0.667233066866981,1.79564956869687,0.265358959718347,2.0033674511872,0.444369055589297,-0.112866752328433
0.124916431995403,-0.701946237990217,-1.15291080007594,-1.79288389433874,0.29454614770443,0.239535715288507,0.162760756498977,-0.913160130586035,-0.193264386141332,-2.01615612150315,0.258665263622661,-1.1683635767385,0.654126283349614,-0.428233748564663,-0.835456757310878,1.63455707977379,-0.880122245358865,0.876957715665491
0.951647968112783,0.29940094124524,1.83262412538736,0.960583718085359,1.48663628799697,0.656914416524571,-0.299974782773891,0.154143292133746,0.299937789472742,0.268621470487579,0.270297720468416,-0.551517770795195,-1.15411617420844,0.0343305018098972,0.18222257183855,-2.6619295007265,2.92760312034572,-2.99341549312818
0.431549070185685,1.2273315678273,0.863287723260353,0.00499131150376055,0.107473887417418,1.81846105630593,0.0201321494137864,-0.479567644321316,1.20084385271745,0.948730138258171,0.46284214922539,1.06712927738207,0.0521704679683249,-1.21059540946838,-3.21584212702796,-0.253528745761606,0.344138058376915,-1.27480304572365
0.233757732908647,0.823052553318891,1.73576941110969,-1.33549929548161,-0.40623375763155,0.331784345750745,-0.801831973132373,0.427489285153591,1.66613993295587,-0.307894733108239,-0.049882391705366,-1.11829002759124,0.714552603579016,-1.19720791199088,-2.04784820157734,-2.10717815631473,1.22987704968028,-1.2676562261674
-0.968989202040279,-1.82162299724668,-1.78561050795817,0.672363092462897,-0.359675803722076,-0.591883681586036,-0.825257485258555,1.24636667061219,-2.05373529431078,-0.235380472552019,-0.704054987981338,-1.37698109549497,-1.78404737679259,-1.73556053883931,-1.67154587504043,-1.7961397270802,-0.392802753361625,-1.10723268786835
-0.773020807953859,-1.76237036003527,-0.199585367575886,0.472867578918559,1.757112098522,0.779619307469827,0.489156448094619,-0.790018992383739,-1.68948849922204,-0.14924404139642,-1.09857450967465,-0.722502251687311,0.58196803343858,0.438516319259576,0.440746919339218,1.49264123184078,-1.08471066794952,2.47072453629917
1.00058486226916,0.497964873167898,1.97037193734119,1.84649526792668,0.0260731741271819,1.25866337968861,1.25663480218056,2.29644568362639,0.722005235456237,0.487131493893156,1.7664449932814,0.648671566217991,-1.23909289810444,0.285085741227028,0.805773030101434,2.18816001399783,0.498771810711832,1.23621827691525
0.155580780893807,0.15007117184257,-0.0447016506294937,-0.522305801299674,0.302852897880266,-0.643018581435723,-0.220046799773261,1.54636624241792,0.436239329665381,0.13535414500765,-0.699584044813854,1.84205950404403,1.51015105203871,1.59097017171736,1.16263487149644,0.501593992539772,-0.348022292385229,0.194194804338162
-0.0923632393141739,0.184478645840062,-1.07211870968535,-1.06767559438451,-0.695589788326366,-0.942698876322175,-1.29347436506489,0.208161067491467,-0.697619916493974,-0.794504414692563,-0.867541725462853,-0.0687224162714054,-0.173044281912679,0.130117966010044,1.81503035332217,2.46403172686965,0.395689204192916,0.56416390946473
0.42886688779445,0.167390789863944,1.84488574201938,-0.92278905632572,-0.643722627738528,-0.611191211459602,-0.637862912102496,-0.979169543150598,0.353897283660166,0.384084815574365,0.975732764359647,-0.365588095398542,0.5762924493475,0.920498120402122,1.01540460680705,0.784658056415535,0.895684902021434,-0.446160856364174
0.278183768142294,0.0323687554256707,0.0560967595860671,-1.50082060055114,-1.67365789813921,-0.230721047321823,0.696951743705344,0.212736199177465,-1.25212818142248,-1.57227283567197,-2.02764026760706,-1.57837572957681,-0.250636760447464,0.158823505592607,-0.347694974645037,-1.27743435841421,0.387696974797142,-0.280726860375571
0.195432940857776,-0.646795642293243,0.431290891632175,0.311838761040113,1.68196876242489,0.0583756977053366,-0.894737282069547,0.0485906366809647,-0.104808637664659,-0.0980679807450657,0.146176979984864,-0.689911730837359,1.2781030552924,-0.51893846149472,-0.457401262498665,-0.0112494051979369,2.11747815960052,-1.03557456268762
0.137512312951873,-0.50109590515368,-0.0529493417703768,0.708357857017905,0.880602156537529,-1.10906211821394,-2.47681012475998,0.0374524651485748,0.5378553934595,0.22268215249296,-0.223121959780102,0.0742487655270125,0.61089139721352,0.332420438738089,0.84720250470151,0.950301855852203,0.193971489286274,0.89439678109244
-1.05280503465807,-0.00127103694489429,0.154133253120609,-0.468051987090801,0.226937195585872,-0.948871551817757,-0.175179897867384,0.326209609964866,0.289455283200181,-0.252685279273679,-0.21702022634873,-0.788754323114583,0.964820843323946,0.967473480653255,1.30915521387086,-0.942272870919876,-0.603519941642061,0.256356357764061
0.542251374815796,-0.438576865118161,-1.14334335190289,-0.597359562341199,1.02523046826885,0.926413310488548,-0.394688345515072,0.576969163291375,0.552850671124788,-0.416781861447361,-0.473515213134825,-0.397815884289458,-1.60145758944201,-1.55201959976898,-1.49937776599317,-2.39134774644015,0.296514231146319,-1.87351230124502
-1.68582122065577,-0.215271899085699,-0.0193772472001284,0.224142974084404,-0.457461815251422,-0.550732499007854,-0.595147558038318,0.0531481281496842,-0.837392669270292,0.544688993431301,0.00804110238254174,0.88410882130353,1.24239531614014,-1.21414301609076,0.741284318505659,0.164578117972481,-0.660630445701762,-1.04748124082982
-0.32823308776358,0.494100065849032,0.122427842826825,-0.0625615649532348,0.561590336676983,0.442883162484873,1.76826599302317,1.30240000793825,0.469659006755575,0.833938898157446,-0.676008465677714,0.368188539970157,-0.428295925433557,-0.0870190151660865,0.0366052292255431,-1.13769855883627,1.0897681761866,-1.40581781601848
-0.608940692139776,0.0978194705605605,-0.628287104055176,0.679937732198076,-2.6539380243209,-1.5588323034244,0.339307301085375,-0.219196250156611,0.9696558822102,0.147517094511714,0.425172658806979,-0.725561823989172,0.69761767327299,0.360613967163055,-0.60691265361912,0.505833222296392,-0.26738413942307,1.21057627278591
-1.42325025848981,-0.962439551790088,-1.05447874972285,0.414188682170154,-1.67263291999647,0.278276465502605,-0.315313904419983,-0.856830008332327,-0.569108911267685,-1.17690862177581,-0.0402665416627299,-1.026989024408,-0.630574435132453,0.582860418925832,0.942233753567689,-0.463312915166849,-1.37367426525558,0.205804370713167
1.36140142050814,-0.165000958162945,-0.261039258949824,-0.819763841429201,-0.0683943258541209,1.90015056991376,0.164967207571927,0.0324839713307245,-0.341393930899693,2.63556115411367,0.308215255244936,1.9481738032754,-0.142636388403141,0.759568399538165,0.544786141337438,-0.613795572827809,-0.398142243671989,0.150461828675267
0.734265607665032,0.882752765638896,0.286115096787902,0.537628931374118,-0.0704677180506947,-0.0814549976412162,-0.989803168501117,0.0670188380302602,-1.98748843615256,0.240410550194774,-0.409649833389123,0.497486968622092,-0.451176629917506,0.660856655573354,1.65675288856459,2.13373260992602,1.40945236686514,0.254811488074917
-1.32132801568105,-1.20263831805238,-1.09022040838747,0.153497445969351,-0.0390441875521701,0.862533949473065,0.00553923984851823,0.0272245114477659,-1.1681818209498,0.445606703723838,0.514004896375226,-0.272129606609594,0.495707157456514,1.32911750571335,0.105010242820712,0.892978565399902,0.0976201071978072,1.14948009404457
-0.565649431668666,-0.952766149378583,-0.166182233441732,-0.570502589863675,-0.52555704732701,0.884357097924503,-0.916634988199695,-2.59638933401606,-1.37374268679619,-0.684085814795542,0.358532406273533,-0.837158695981273,-1.18387097697718,1.44857279727893,0.872809583394995,-0.781032163598065,-0.40504066252011,0.430915990529754
-1.13272474372884,-1.03078815162489,-0.634467492244555,-1.10298626885108,0.0349727916662786,-0.891600177872098,-0.924629647675457,-1.68879016576576,-1.3364107729021,-1.17142626828772,0.377776312423705,-0.299760863529155,0.913280045377095,0.596612306771269,1.60924379523089,-1.43239374115158,1.48655889630205,-1.65168386840046
0.0465532109892166,0.144103074201292,-0.259773183552922,-1.86996852373999,-2.37364751952763,-1.34078349655465,-0.134653843711901,-0.0938561946646634,-0.902124547326265,-0.152394615532472,-0.474565562119442,-1.09436492598033,0.840730960946799,0.7746051265361,1.74590535911336,-0.698542586954241,1.27736139540771,0.341971388524771
0.356439735232057,-1.00263700450379,-0.69790297583923,-0.210888594564044,-1.13759508408703,-0.0672476587001259,-1.93184836470985,-0.000554036928833884,-1.29472337580887,-0.240902974691772,-0.476906330828094,-0.430501313668819,-2.12592318781118,-1.02624405340925,0.986288063624933,-1.41439607340819,0.838180807015642,-1.01228680490792
0.455709538120923,0.196163987393141,0.937457566160203,0.151224068020774,0.751520328453674,0.408736857339828,0.951843665681591,1.32072928308102,0.176073347376253,1.17685986414553,0.495183826028096,0.84815504266419,1.2664730351761,-2.34871838589275,0.640005040543645,-1.49898119775037,1.02262067337599,-1.19781288207865
0.0727228480857207,0.996790153166421,-0.369049990874273,-1.43610622118154,0.707992336726823,-1.40447687515877,0.519097101460853,-0.471849454432116,-2.4005559026547,0.682724026307303,0.274096735262723,0.165945609712658,-0.059335808209409,-0.459348251097351,0.177263471093705,-1.46770935582348,-0.741852593486557,1.62538127048968
-1.38059670267817,-0.805191591175855,-0.865110413825365,0.402546563386794,-1.87613454009708,-1.12770431596344,-1.01697959185647,-0.919298978463145,-0.24877740263353,0.138519838755632,-0.128029707022454,-1.25166516250645,-1.38941192399247,-0.179473960927155,0.858017789885464,-0.245541851964088,-0.572640821817451,0.666820126948546
-0.727927752853005,-1.26467222247361,-1.29032621424338,-0.787354552710516,0.716940951023792,0.889521074301485,0.52735663358987,-0.272411195656426,-0.535495712222406,-0.484199951699738,-0.374658332639213,0.105291892265891,0.890868160571142,1.30526675196872,0.623251600248906,-0.359810135778133,1.93555234404492,-1.43674602306685
0.883171212616473,0.240421210525729,-0.0633323236569478,0.170082525829836,-0.0244737661121823,1.11308303889089,1.45343164111587,1.12109142735765,0.579431274347625,0.572529462680348,1.90046798866798,1.13661409169633,-0.363329790932724,1.67808393069591,0.0583944066327899,-0.508432636930016,-0.399725775812214,-0.29124849538531
0.721703221859351,0.746660224792677,1.27586367790681,-0.687389722026447,-0.481984684063677,0.642858275824164,-0.211895043152816,-0.364074875751018,0.33298015680777,-0.0434088567862696,0.751620042232784,0.495957143977688,0.693240036441378,1.76120181550079,0.512844837505101,0.361367696308245,-0.571890779171642,0.547222296030836
-1.17998641958407,-0.717193032238707,-0.270226358193927,0.55077360213367,1.21896425524961,-0.0373463674295787,0.238542120508838,-1.47190069244095,0.6273313993438,-1.0184349341216,-0.718447825794517,-0.297681373577795,-0.624232496598733,-0.478552682248736,-1.66381756095694,-0.472192165055339,0.458339436755583,-0.340399268969062
0.310520422615754,0.294287455011822,-0.41851703658949,0.913051054836795,-0.235190634605863,0.494379047900385,0.714563584158692,0.322994813328334,0.100746876019158,2.26589039291511,1.63209418583528,1.37310950152551,0.489208686039913,1.57497169413143,0.533431723862511,1.29268076609485,0.387469939809184,0.566000072563876
0.648929890854412,0.657072220933025,-0.192374564162972,0.8365802459066,-0.873156136806142,1.33385486321143,-1.2299985478103,-0.915997611123049,-1.61462503625234,0.452694368334714,1.91012930849,0.291658921978625,0.234717002732201,-1.21148353036912,0.205471903029115,-1.05618181290656,1.17892251977013,-1.19787277297143
-0.517733273463559,-0.898306241169669,-1.99406166692891,0.329771165573885,-0.289470414281003,-0.570137019030049,-2.16132250713369,0.94356048308235,-1.18397988540935,-0.652279344164169,-0.636760112886563,-1.34778092321884,0.00584354044625319,0.107113056859828,-1.38039782738077,-0.258432252837403,0.768843756645822,-1.13234483284084
-0.137821597138142,0.13138823399582,1.31668888478415,-1.64516042230538,0.44466726031132,-0.690455424631485,0.277277625692529,-0.55820284040212,0.809550494707004,-1.43950942550847,-1.6453492770131,-1.32691501321399,-0.179471850644556,-0.474873725778621,-0.840788898624576,-0.014352996615129,-0.162068968750363,-0.566563898218575
-1.1074846268101,-1.65877138654824,-1.35684066280314,-0.577972455737138,-0.63043679405854,0.567105340900063,-1.09901269237116,-0.289253045764086,-0.918997160300017,-1.36799671864667,-0.549453971890179,-1.03394067931312,0.066623644459479,0.191641870978964,-0.46102564773305,0.262426838178104,-2.83050615398962,2.6709628638787
0.165073115758692,-1.8232690915543,0.365251811189277,0.802213657381148,-0.603155142179103,-2.41192245955494,-0.521259561787322,-0.172614837575082,1.15344182236636,-0.707771250790072,-1.28391886017617,-0.240117702760962,0.579067016050246,0.806112356961525,-0.0918810042783211,0.943656085685722,0.203012287593943,-0.058247848084148
-1.42074241392833,-1.89240516962363,-1.80088496800768,0.323726919999314,1.6424505648022,-0.334144300273432,-1.29948934000304,-0.867395747104345,-0.318490259126463,-0.577264999628889,-1.58477584169994,-0.105159646241515,-1.33898095071792,0.285806271734513,-1.73164265526132,-0.25176113182436,-0.0180382947803033,0.393715547972314
0.336812140958339,0.320573578190308,1.14079294391338,-1.9615333207335,1.8284009297507,2.76447877203082,0.669656755465498,-0.740589909963161,-0.279152661219647,0.416013666993735,1.69350900379074,1.24332995571202,0.939201128332849,0.303882459177157,-1.28742048861754,-0.197864179525516,-0.121403654823163,0.257958535221262
-1.62888806021966,-0.040040066554013,0.502849751871798,0.136804959548203,-1.2221111564868,-1.33781525322363,-1.39136835231315,-2.85538776660496,-0.525152226763898,-1.46336497070538,-0.161198987271078,-2.02965728027544,-1.22967828316698,0.113416986041892,1.18205757383823,-0.617877845068856,-0.722326722503544,1.04069045421671
1.30143004640395,0.605101880985248,1.05217323069627,-0.913023791448217,-0.486785023873368,-0.734546408955934,2.41034383691839,0.458544491324988,1.16157932095522,0.21593759955039,1.1311630114869,1.26998736550637,2.03922452318648,0.0846633120884973,1.07121323604219,1.04339779418043,-0.0660118536969139,-0.108338629275202
1.65010798603395,1.17656970741119,1.28083899896631,-0.2952593910122,0.673863493634672,0.748329816480654,-0.126777291122927,0.00753061144579247,1.716252969163,-0.349038751943384,-0.437486030963819,0.135402442400523,-0.296237531738255,-0.699181399800591,-0.810590427832684,-1.08208834152824,1.03083572926351,-0.0308421886971279
0.606676828315871,-0.773309463124872,-0.222695823017063,1.66926775894623,0.235048568790159,0.62058571920988,1.14450530047037,0.734720405077913,0.75763110294788,2.04705228970933,1.95707843638932,0.22871161536846,-0.428926913061728,0.323449982025695,1.59024424549016,1.41040008681097,-1.28126901415501,1.17244921073411
-0.675318311281945,-0.565606317299952,-0.890923712962743,0.643825863198674,0.299076120011642,-1.40864263636351,-0.0570600083087679,0.222484041881464,1.02342252126348,0.864144607545119,0.429015756331514,1.36001521967939,0.320662895840829,-0.284206207079185,-1.73775433410267,-1.80506793792542,-0.24969128237726,0.159387271893819
0.0109477585680914,0.180039548624943,0.580510316947846,0.514173739178757,0.0788499906387449,-0.574804784014042,-0.135521604500504,-0.391218092531908,0.189336444753206,1.11219147753432,-0.0164845738178899,0.34965436285173,0.0459774598151882,0.711440795693422,0.0468444657178271,-0.890293849353596,1.03115764835692,0.719241689677338
-1.34417986335881,-0.911620165812586,-1.57019019185663,0.42132693980054,2.0842519085108,1.65166262374237,1.07812737621186,-1.01682185085607,0.736103840312694,-0.976049058227498,-0.765570743247847,-0.687760294017079,1.35654509122566,-0.692995911609569,-0.335051834028016,1.1418453771238,1.04517184989574,1.4019498752213
0.723531545819657,1.44324051550517,1.4562732152952,1.71703135726688,1.1292099247187,0.613782399472692,-0.706501636028679,0.0700600009239522,-0.517079161711901,0.102539796868399,0.0665428598041744,0.873505355081368,0.785034144685708,0.442489189231681,-0.8629128390244,0.0597483350671856,1.56627394932369,-1.20999341136591
-0.0262547460578253,0.863101541660901,-0.73330401625642,-1.79444350230833,-1.08167538228216,-0.928701824601389,0.0350645958618173,0.608072397606707,-1.89055203612119,-1.41161939493884,-1.30712533707788,-0.507316540108916,-1.66845726566177,-0.765953581392239,-1.86102613033408,-0.376743760382113,0.771426628341014,-0.511098093368173
0.4192453896638,-1.18992132576617,0.86001203917214,-0.453252845359207,0.101745199366657,0.883439560348519,-1.25513956189334,-0.542515004910329,0.0824597951457869,-1.3254874532687,-0.211759161095949,0.686509400373381,0.642297914632323,0.984039496277064,-1.64815742222583,0.456783581325117,-0.478302817518403,0.713659429200105
1.12963717460355,1.12501278129164,0.62110956223993,-0.74877728958555,-0.580292513249355,-0.89092501420007,0.777093436636783,-0.89915916580644,0.988057265267679,-0.457281523459024,0.465300494785534,0.254085830265765,-0.164477366745799,-0.581164882609362,0.831653117577925,0.632813099366607,-2.01665008864714,0.196365043566225
0.738475446515176,-0.381494166918498,0.407347658478915,1.22087752053723,-0.389514893151369,0.176824557737847,-0.563603606729534,-0.0979565928360432,1.82193068688039,0.593511490580799,0.180196641612724,-0.143257494423551,0.324326835183291,0.440028027992994,0.365301933848488,-1.07048913200751,-0.826707856218688,0.50909298045408
-2.03878080182188,-0.307379080602567,-2.0688527920368,0.340344341178912,-1.10858978427699,-1.42741553456028,-1.25647383496904,-1.40254508961941,-1.11460315173175,-0.859630799114733,0.77350606747657,-0.531980992012139,1.2101907141772,-0.767747483244784,0.687345489131621,-0.931713324269168,-0.047197700149691,0.0154041193567884
-0.0953996428120737,-0.287281651436656,-1.0908381842991,-0.779052467864731,-1.60965954516594,0.293277494604004,-0.748515542567264,0.532741529722866,-0.473039020663384,-0.0538523630660325,-0.300244962477275,-0.172739761921092,-0.667027824165571,0.150079236174312,0.204433161686467,2.77224977764337,0.14729090746134,0.440469449932864
-0.798280778977595,-1.4808785344153,-0.108344472809819,-0.0518737781392918,-2.1354746803542,-0.31781711256304,-0.78097280580167,0.133870203459929,-0.438315926070354,-1.1893597410341,-0.873608968564543,-0.738661886235711,-0.948862810351546,0.363802850447491,-0.413228062354982,-0.0339977408315836,1.72758895853014,0.0531387736927435
-1.60355923211044,-0.450715135801094,-0.518119318848454,-0.816555133831941,-0.854264642261061,0.131747535596131,0.159439460615023,-0.0249868828934154,-0.0573737767424083,-0.961718310388685,-1.08791022641794,0.190490785649171,-0.977198847429577,0.980667424558536,0.955685417914522,0.373429857258281,-1.4526973289818,1.40742265600681
1.58576329299541,1.25465048112466,1.65033960406466,-1.51676879105693,1.29451146140028,0.881067980264931,0.621031601280751,0.94484757753583,0.956945738723826,0.464173385840413,-0.448187438416656,1.83919215795024,-0.346940426002342,0.628196368582623,2.29749839754731,1.96858263612851,1.30225071700142,-0.0299882511281141
0.663409039296891,-1.56903155642832,-0.234779190400115,0.134744540023556,-1.34629228945901,-0.927545792539335,-0.324580400452109,-1.2390992643753,0.463795176207684,1.08227552948545,0.729335298833733,-0.225316109880262,2.96680200282485,1.12479506524119,-0.599833588672057,1.99698106807295,0.299863979745377,0.447273068277289
-0.605060987482563,-0.444197200376199,-1.37689652177318,-1.39367001425014,0.779483757145618,-0.0417174884526206,0.896223930935178,-0.0350862298285138,1.19248574006667,1.97244442739801,0.722668815369999,0.481167527708862,0.479567887942656,1.77872718233545,0.131751277740854,-0.772810099992834,0.353394720924333,0.632057634471256
0.370540287307509,1.10856764759549,0.418801490422404,-0.324621657492286,0.630242946645834,-0.020224903226457,0.833318533856882,0.418533036042636,1.37290083304485,0.531320174369829,0.341125498695144,0.0168288794040105,-0.280084391521048,1.04416702679176,-1.09494035016186,1.61519645048646,-0.548526071845721,-0.23546550239297
-0.125024118330417,-0.782984982788791,-0.504034977695053,-0.755872620980881,0.463460627022948,0.473077141729091,0.9762043143738,-1.83151708342304,0.479334389260214,-0.71460219797147,-0.114160246138319,0.456326605469777,-0.371317512326017,-0.123979229613078,-0.643108400714605,0.795465111866167,0.660706411779632,0.616879988659392
-1.47058791592221,0.429570944146295,-0.959535504443654,0.373170382054285,-3.29588415651624,-1.31583217770431,-1.20842256218682,-1.33285478537832,-0.850286990634821,-1.17309423328144,-0.437709196823388,-0.579385167029309,-0.335692318205323,-1.0449742839707,-0.307105661820473,0.391917473642005,0.154112524220951,-0.732283659943488
0.867526697113417,0.641643196570755,-1.6422217441052,0.611498905769971,0.184661588956247,-1.83564819585193,0.171299558077723,-0.197568210941281,-0.424374219172471,-0.840952953671598,-0.82829313729981,-0.736162171083167,0.600587976202898,-0.398789121073031,-0.642020757466542,-0.362293566522348,1.34678410451957,-0.158619541371795
0.355583469428921,0.422593157976187,0.0956025639024912,2.32685220738426,0.864870833222958,0.605026059216801,1.43093822678504,-0.470587450336068,-0.903665792700543,-0.00605116198217973,1.3986949243,-0.982812289805902,-0.819821646839877,0.424508384648726,0.298023099550459,0.923637398922015,-0.558732491960601,1.20687720458971
0.531657740040977,2.49404548421018,0.470482123629257,-1.31721593157476,0.346521408330652,-0.350508915961564,0.509852064183305,0.913030168045899,2.07830264871484,0.264810292396627,1.09886553265131,0.36354336744072,1.33243271358854,0.606146273363599,0.890257985235612,1.69176388938615,-0.808446009511958,1.79425058490091
-0.25676716765943,-1.37508895406827,-1.93135263173219,-0.600971773264603,1.06760378229714,0.886352351661613,-0.0318329173354923,-0.793755523733327,-1.06125291987939,0.459363982203267,0.717919822343694,0.145073122783395,-0.219452813537945,0.46082301207194,0.429523560529115,-0.243396636392104,-0.0335258307790763,0.770894067086659
0.609743740991263,-0.710181113437604,-0.443661342646784,-1.01910669566322,-0.071803830565969,0.308358130329017,0.646054160926741,0.475503063299116,-0.930942087998781,-0.202429851721743,-0.0049343874853158,-0.901878316128575,-1.90636157133775,-1.3605431840784,-0.83817136111743,0.263471857405876,0.808445430751389,0.241875645362517
-0.213731190030449,-0.937236074002503,-1.2155535931255,0.630393914078467,-0.0890993767781622,0.0448917843649089,0.123716740794629,-0.769642878871754,0.787350572936924,-0.651445443312924,-1.27991811426119,-1.04764680105916,0.712018982636937,0.426218836973844,-1.39101311103136,-0.0298725750394461,0.748238567768642,-2.0564784022144
-1.62092781821708,-3.44661778347876,-2.15478527904037,-0.913698138706347,-1.40576598851423,-0.794286217813683,-1.00102998106128,-1.07922273620414,-0.425681350825394,-1.48849978837707,-0.381095391548627,-1.76296847199542,-0.618630069169311,-0.396149070229022,-0.0863823699578522,-0.410547761401502,-0.0703238996811591,-0.402433370482849
-2.15701276374709,0.0621381295662837,1.05729221208803,0.799921633350611,0.759417498675958,0.73256567363746,-1.28625855369917,-0.118005172832519,-0.485218454138695,-0.861128412238241,-0.312500634846918,-0.162725955291153,-0.0186500620991259,-1.01718063092908,-0.693512835569518,-1.68222508042547,-0.492736818904286,0.713246605162709
0.467361702039182,-0.534423627838228,-1.70892066345707,0.410289132938815,-0.888974480940185,-0.267110538565392,0.78457716867131,0.195133840946566,1.68317650571184,1.31875823480497,-0.293308431035808,0.931078065933326,0.594149831451168,0.921459788442094,0.78803230224739,0.313898765108859,1.01748585946803,-0.0729114011709316
0.964622082088161,-1.63958841258374,-0.842824232214848,0.304148121387591,0.00806512669167088,0.854880852258482,-1.06309530543105,0.00411733923927145,0.232839174350442,0.76237353817028,-1.53492990648509,0.591983160643011,0.333643950532691,0.492170361003177,0.0815334416095801,1.78171973910399,-1.06882419679455,1.02775722556824
-0.228651198765221,-0.499843892757177,-0.0174101384714081,-0.28044875530542,1.58432505877997,0.989849663999364,-0.246353873410284,-0.551592813512792,-0.503912635721407,-0.741384620363157,-0.358142501492488,0.117483938419803,0.0400238436370465,-0.03965407782801,-1.45022350472819,0.0125390416144094,0.240275076243468,0.22652086678341
-0.110799724019997,1.11977418755785,-0.0484174722288268,-0.11993415152319,-0.00527297181789881,0.92919849826127,-0.389760125729608,-1.00129039828309,0.256153061932978,0.0522592066810756,0.366588919073865,0.510715999834488,-0.154294539159411,-0.739137743323686,0.393608789968112,0.342707785899501,-1.73553371347574,0.910987457712697
1.0182626959757,0.263362777147517,1.33025865251195,0.713398123365229,0.138299165645587,0.706899041214476,0.737191710413143,1.59911086135138,0.98517214331446,0.184673521468334,0.568336933966958,0.438751803642906,0.791646129965967,-0.299058544914947,-0.362989715801163,-2.61156281698146,1.59372497652831,-2.44538421940358
0.627857808927915,1.99278607521109,0.788614915558926,-0.387011054968097,1.18799879586659,1.06323235907872,0.985656960079723,0.015307909403753,1.95631954792814,-0.0416558624702143,0.207655409793226,1.03140736806393,0.238799765567616,-0.186149373590004,0.839263961309281,0.917028441757398,-0.456016873333911,-0.0705615038265527
-0.302015908888265,0.355120035989778,0.661853695264134,0.674227361164673,-0.41856311809019,0.344364526925825,-0.118846947572921,0.815478144164413,-1.20025361896664,-0.636534136359691,-1.81311066578184,-0.472087539500538,-1.06502948114707,-1.15370462114264,-1.29632813184902,1.74168906022279,-1.21422775772166,1.58305107696961
-0.328646713729974,0.336934431276716,1.34336519021771,-0.464175386985139,1.10514908771727,2.24709033338816,-0.350188103438451,-0.941221572380506,-0.111717891787298,-0.349687137320062,-1.18073784151664,-0.270791848204516,0.18488850339878,-0.0498999373751694,0.0162548892429112,0.0988919304009822,0.415186554953967,0.173113221726311
0.0847705818302759,-0.452093766686571,-0.856372589507246,1.49661240683529,-1.08223555957341,-0.110078983042208,0.124320003642841,0.449744689364443,0.390212885270442,-1.31050142640136,-0.481509989276966,-0.637189854530546,-0.431291188166803,-0.548555588778402,-1.10469312701614,-1.30791821087594,-0.572239869290037,-1.05107238181184
-0.420458864733832,-1.43489898064841,-0.757303317750022,-1.73717924764288,0.700395626801977,0.99735879839781,-0.151764768083781,-1.1211467375941,-0.639896378396281,-1.83709920728275,-0.993736374859464,-1.71866305025576,-1.13480803629942,-1.49565349086895,-1.19693955564933,-1.31229791147191,0.47617657640061,-0.960389220774813
0.444785799353034,1.40931897863189,-0.539341798468958,2.63043779362206,1.34825306685571,0.767113049899061,-0.753448703565454,0.725952896424652,0.0130630709691803,0.22265088676937,1.09874247071934,1.71357938549074,-0.161885817242915,-0.43824282475534,0.732069889131471,1.85739915272056,-0.915351441530523,1.99463371768236
0.966477082243204,0.88437440101001,1.37261032815785,-1.28921468295505,0.284745908125502,0.0896648450400666,0.0562310345103224,-0.342396944208869,0.696163153352068,1.19904992233009,-0.23838631730301,1.22687994834797,-2.25803202586103,-1.63009505598716,-0.863551938918564,-1.62302416122111,0.279768035036127,-0.863857254196401
-1.25574967835872,-1.43207268051811,-0.864131322787729,0.222248704670013,-0.591988828725505,-0.673293738921807,-1.00300165567698,-1.52277151643186,-1.12241744584997,0.256697575948349,0.324788811041645,-1.26334288171009,-0.140712024641806,-2.16353538214175,0.275531422621754,-0.313380202766864,0.739159444327704,-0.00826597100163651
-1.5980207168798,-0.944482900689631,-0.501327617945961,-0.138675704084449,-0.476059099506539,0.315254602790853,-0.357391526201664,0.393618423919074,-0.77218364592749,-2.04300846525941,-1.29642604989691,-0.0986183113183437,0.415901394662701,-0.170528161853688,0.934140316277726,0.898080247343815,-0.307913366663636,2.43253407103364
-0.77690939986019,-1.25268180381252,-1.33267461231087,-1.14603030261983,-1.29437692644295,-0.816870117071285,0.869634636650036,-0.874063296690499,-0.140768556082693,-1.04788083711805,0.205273832381943,-1.77600099141498,-0.294730639066277,-0.0262271912903428,-0.197041921883121,-0.0378826965503526,0.945662019649035,-1.048853015312
-0.500111491447055,0.118183180013662,-0.263035127862931,0.617154821442259,0.796476776295635,-0.792425740814675,2.05612930754468,-0.946658608414135,0.417385775180219,0.169747485569903,0.22343548975814,-0.340109090452752,-0.239814209842692,-1.6106992533026,-1.93229067821792,-2.02210099011081,1.51845193306949,-1.86097106519772
-0.167754888692194,-0.300130874207989,-0.309513597952895,-1.97208187054592,-2.29681921126633,-1.25751545860013,-0.713973190780826,-1.55042865214115,0.139747387088513,-0.0526331743409407,-0.410685551643005,-0.100226412381539,1.3798797641098,-0.467217212598487,0.578769623089241,0.510810096111319,-0.153128498560449,0.816784522039256
1.02415292288431,0.671016340392213,2.44817295620934,2.108102905168,0.275893881101718,-0.275412450981732,0.0534326653840962,1.0637370938128,-1.81219696517844,-0.0246613375080123,-0.366782580330406,0.293827900562865,-3.00634700422287,0.572341698931879,0.66601977682353,-1.35785059150053,-0.355278619099656,-0.741383408979646
-0.684841732758639,-0.124447245811297,0.0695845769537734,-0.0790322798189014,-0.457302451759626,1.39021472432928,0.691959172083849,-0.538984716252914,0.936652143817381,1.65101645880083,1.40635458619816,1.07923213599987,-0.358856712531908,0.426732291374143,1.32587139723184,-0.208974033642901,-0.300579034518676,0.650891332505772
0.0890327008222637,0.285578221244696,1.31291601299909,0.88490777874769,-1.3386806993832,1.02440299891223,-0.897849758639425,0.831026747783761,-2.08773611336207,1.73178032302476,0.564383479093268,-0.172315792975635,1.11976958686513,0.976405476481607,0.599906405664575,0.336173358411001,0.0564909313540224,0.598732534683409
-0.305186211150039,0.273829494817333,0.181128040802646,0.655651903594273,1.08756492108808,0.442428768658896,-0.828798527455532,-1.39546915605483,-0.0885944355787072,-0.485260577146185,0.199639386634137,0.519120368775026,1.06378537303848,0.695369647583959,-0.446664184501347,-0.29916576042897,1.11129861151842,0.785999866179972
0.360198518626065,0.119391899399985,1.29255026109451,-1.06703522903412,-0.505792493549078,-0.623338390997307,0.232549993007312,1.05336316780481,0.988862243542167,1.60066612855276,-0.261905326854507,0.239054487311829,-0.882509870351184,-0.160799310056837,0.835680533157842,-0.0506489934174451,-0.6921762833268,0.174037542536235
-0.381934987162037,-1.52299177733086,0.37740645928371,-0.24498982868699,0.766226772524189,-0.713910814002741,-1.05270224172438,0.323684540129111,-1.86147397779457,-0.104052321790965,-0.32888494657037,0.0112878674940267,0.235906606250396,-1.15375447490219,-1.33221003696416,-1.40312870310387,-0.823040600267021,-0.916198917049195
0.573998229732009,-0.286023682657556,1.37832980776011,-0.462176125013545,0.703347218750454,-0.535120364204535,0.182809220983088,-0.184115499390286,-0.80034225574332,-0.390210391909128,0.272008284183538,1.45664825821264,1.07423960956247,0.899750584628351,1.42618520433785,0.990759923395622,0.192338221473079,0.213296094541426
-1.28935468328762,-1.94658395326399,-1.82548265164644,0.543441939809441,-2.00530256111879,-1.54640184666942,-0.800962588244473,-1.04331414051384,-0.996948901678472,-1.45938499610006,-2.83089183059757,-1.36528551002034,-1.54074858798068,-1.73401902891121,-1.09439125501175,-0.839783381348365,-0.523025575080937,-0.35791663757346
1.8871467718029,-0.5313672912276,0.737009918807561,0.688849012321175,0.258718889051805,-0.322098624939016,0.0694945784171343,0.210497014076012,0.665904712714608,-0.417927969045669,-0.252718874833045,-1.01990196474427,-0.706698910387905,-0.293146799291651,0.606291435822375,-0.166928927219321,1.21992837029177,1.27947760227546
0.996895849148404,0.0978072286689102,0.405293530887729,0.420077200740399,0.919067208586498,-0.772612957038598,0.367362899922345,-1.42316398484784,-0.112423000405725,1.19134136634424,0.732608742754765,0.0432267457217142,-0.708235171779254,-1.39922015440797,-1.91319683461595,-2.89143966455067,0.604547832628154,-2.79316143436116
0.631527283798634,1.75405507702883,1.35160482839204,2.1291350719209,-0.0404522663402422,-0.186126502741227,1.94498464527341,-0.0219890095115244,2.2799037172782,2.01696680600653,0.571632476815537,0.035646864913267,0.119593333415226,1.28385688964139,0.677122648713687,-0.42742072814995,1.15984061760241,0.325578625521414
0.645881482145108,0.635692541097756,-0.640131268745826,1.08961161583532,-2.343711968398,-2.5745414477767,-1.18178750089838,-1.15804494745599,-0.366684971397366,0.269556024682069,0.417628033983299,-0.444824492751504,-0.663727888446305,-0.232000223791813,1.43658241427673,0.205516067276819,-0.769598768930587,-0.623139415712283
0.931109349044541,1.31261824218965,1.43639607216239,0.261394760101803,-0.497399920588609,1.18266434922531,0.838714505764219,0.609388521306726,0.0833511575530643,-0.500283859419189,0.424090163517466,0.518519976059334,-0.182025572709616,-1.127239050509,-0.0243961883362137,0.680185005200245,-1.90278066515654,0.411196816112697
0.664577455019062,1.2198475153692,1.03936880946744,0.0297548051494396,0.0308179167104752,-0.18563564075183,-0.0617964113072359,1.07200693428042,-0.327597243306333,0.364948547302667,1.30604642116751,1.03479702637302,0.563388203601386,0.743845150892384,0.325299842267455,1.23239935468642,-0.354767123661981,0.279996988248243
-1.63405974925223,-2.0553672049566,0.155545257992607,0.0767333185942746,1.41799431306512,-0.680674210563012,-1.08415483620369,0.169323292130621,-1.72683007155133,-1.64847767994669,-1.79862403463967,-2.63356632851928,1.21596221236173,0.15267995229367,-0.057342061426725,1.54644641900623,-0.305624989700559,-0.809558532903828
-0.748028987040664,-2.75314753960758,-0.816913732835237,-0.300580238853288,0.314330507295424,-1.60254818606708,-1.12007645738019,-1.49006187248107,-1.1569189700088,1.24738534318145,0.652332255199039,-0.515063743205601,1.11071697777443,0.249580409173834,-0.0558328737338026,0.0182677588150147,-1.61959021704274,0.559863858444634
-1.09310712409924,-0.294748051082021,-0.161002984935697,0.442344157386839,-0.892081713791883,0.688755018373407,-1.31661574847829,0.367336579539433,-1.82415184706123,-0.775767952723722,0.468166550123789,0.279408922261296,-1.76505595410888,-0.461455328367015,-1.95963417780474,-2.22753348324518,1.87402212976578,-2.54777668331776
-1.74101012664585,-0.190642501440017,-1.58708453279507,-0.358466979856426,-1.06005309968518,-1.29553872139084,-0.498228741081019,-0.670636799992214,0.432159712357575,-1.4008070651239,-1.19832252774335,-0.527837614800556,0.405380559034547,0.118958957748601,-0.0654601617636611,-1.39068446282149,-0.520994482045248,0.540306957608985
-0.898805948888575,-1.1302531386817,0.382591172870426,-1.63028138173544,0.87727234364403,1.22380390475294,0.0464822268697169,1.27514892202798,-1.14260409961071,0.937681431630925,0.370468744689334,0.638202842953091,1.15672160578256,-0.673612129861574,-0.524790458274392,-0.4431556930241,1.00626230083898,-1.04716755236306
0.978271573479946,1.04264423645033,1.56382167989003,1.2229168325592,1.06674633705859,-0.419365311131139,0.553873357621048,-0.537930939710384,0.174260253403158,0.305058192740988,0.924979901843885,1.35012937239613,0.892047528552718,1.26370908304178,1.47068505762859,-0.531237348376592,0.44353949114197,0.265541655781115
-1.80095450299309,-1.34366014196446,-0.542337692476488,0.088082941751259,0.126389500187604,1.29510782483768,-1.33170129894635,-2.29183508758161,-1.31751223032437,-0.739099652136212,-1.53286675254796,-1.32915830554546,-0.913695161357164,0.0810812457970914,0.842715369572727,-0.612710501365215,-0.303503624209513,0.850824250288874
-0.525847520568315,-0.963522323659494,-0.41806059021785,2.13370927108102,-0.00696362544805194,1.22974426500016,0.335617285641529,1.36501747519513,-0.520135701980779,0.169947568781811,1.88344778666494,0.594856625902526,0.106013497005342,-0.416425472068078,-0.203428591269078,-0.269723697958033,0.900387510480575,-0.0495295648753141
-1.49077834892032,-1.40384595583954,-1.02440465912547,1.31526264577628,-0.365003454496801,-0.124181639217772,-0.92201335762344,-3.02573263804329,-0.587393598521653,-0.862976933991657,0.0302154729343644,-0.73321224638463,0.553190660811489,0.632433130834997,-0.0629813371431745,-0.951970117441253,-1.44353594643423,1.08360920445789
-0.739457348674096,-1.16323296384341,-0.648818956629519,1.25952347569954,-0.155633683384767,-1.01280269442609,-0.833453817209124,-1.41298256044479,-0.733107232445502,-1.39661048112343,-0.420014343491015,-0.180271391849639,-0.718830317848201,1.01101516693841,0.165333463684803,-0.701194783220892,-0.548686330034241,0.836772949676229
-0.701274989476906,-0.485282830941251,-0.385889818518571,0.122355491734466,-2.63450487498586,-2.70022304843311,-0.19329861839296,-1.11536348816695,-0.586448240050876,-0.626948860181625,-0.0143153565730343,-1.01534649577897,-1.12300350544626,-1.20985560786392,-1.71057899409107,0.503962938631016,-0.726535360298835,0.193611798276868
0.0904532971267867,-0.81787578832996,-0.848227225096643,0.608586863627332,-0.581180215306687,-0.635784702200677,-0.476449071365668,-0.564300196840215,0.594502737457085,0.0579646328519738,0.35978536512578,0.534220820443566,0.820042733318361,0.544458341248172,-0.0246079725902893,-0.0545710339322724,-0.611191911367452,0.0989461856211927
0.281716214972748,-0.0194572331451694,1.1963832517179,1.35633395692431,0.684291894379163,-0.583715203166458,0.254766713711855,-0.639506727634671,0.0170429809006759,0.182268491240779,-1.31593394397318,0.480752009295243,-0.752647030761351,-1.70645790253611,-0.0673947762995633,0.821048670431678,-1.15659580870077,1.12533491286602
0.646994115330755,0.0831825476002102,0.0473734483304821,-0.592563595553634,-0.717315157475186,0.692225457225911,0.309356990100785,-0.743003887556144,-1.07518223686162,1.00866551901921,1.68164307733793,1.57735126895333,-0.767972500305387,1.09899215615489,2.74066009507568,-1.05264707374625,-0.254162426140496,0.194907495933589
1.16609562491223,0.8417891937587,0.614477514509753,0.0194404796027556,0.706566453489788,0.658213193878327,1.16043494784022,-0.168137535352617,0.959392670048754,0.249644641060791,1.75191381765114,0.834034045197761,-0.312251405927584,-0.168385313913762,1.35850242862811,1.16720061703896,0.608780145361412,-1.03400566040299
0.0655527164679999,1.12089328020637,-0.958346878783314,-1.39725792726397,-1.46538799404137,-0.0752410663706287,0.268524552265669,0.709594551597844,-0.496578267312692,-0.187427590705486,-0.924647804260028,0.309323716296629,-0.538822465249411,-0.90877183164919,-0.148411021359393,0.11539958548151,0.057731425221538,-1.05362258703151
-0.406949889518555,-0.572013076244601,-1.00385230355006,0.56528799937256,0.840519586759517,-0.836628726329424,1.1670183280697,-0.671681737404139,1.08895469908889,0.909933592057157,-0.824521077211323,-0.107420381504536,0.778352766668876,-0.0187770348604394,-0.0979591743035969,0.408164568010602,0.896338154799846,0.0235393722536543
-1.40622185644952,-1.18677541489346,-0.369552902550338,0.352375911347511,0.46080343114681,-0.187783199825082,0.0745054168696276,-0.220819480504382,1.92022545450909,0.635781797587519,1.57380092189111,0.283079683350615,-0.2133257888372,0.229329865787348,0.992441360598147,-1.4236960099668,0.118998211270536,-0.400638451101766
0.406044546205549,0.165981565134527,0.0492274462011544,0.195400899141979,1.18286458872232,1.24851852906896,0.0191590785746463,2.02787042843146,2.00667696429292,0.252979484815177,1.16694832988666,1.43716043842592,0.541050789104398,-1.55631030359316,-1.0316942165557,-1.66225776532963,0.451216380267337,-0.514763057601441
-0.53083294798817,0.12977928404355,-1.58885890496277,-0.286406776600667,0.447087956265637,0.810670244886963,0.28338295813313,-0.159621028344963,1.3927426246064,1.89638622473135,0.599893538183423,-0.00704143689007025,0.246886552437572,1.9912287966893,1.66745456205697,-0.0953245890529015,0.558739839281189,-0.672017682819335
2.2657151657694,1.2360461629097,0.65735205708867,0.0271477537946646,0.797575206895694,0.931030331396791,2.11820013753933,0.233846869908103,0.971351067661209,0.562005986074138,-0.193461900239945,-0.290815690109177,1.16636099271737,1.90751684745668,0.888519984727403,0.320256334746536,2.45128104298526,-0.47571109558191
0.326116230281886,0.586243151270323,0.646986093395273,-0.0940667173538788,0.408823396111149,-0.146088889864439,0.547060240344832,0.0919333177232575,0.233587698528952,0.0333037486543504,-0.155339964969388,0.712335808764579,-1.41181742666299,0.134409819032042,0.969065589521606,0.071984604840801,0.756681726065788,0.657282223472794
0.557747493499395,1.6599394363503,0.14465164895338,-1.72761913853583,0.431053190401454,2.4657213288097,-0.335901734761068,0.439352065044715,0.102283978153242,-0.147341850196572,-0.51019541889742,0.961856711599225,0.388460173872237,-0.213383624537129,1.81121365571018,-0.519573351922545,0.832440937912821,-0.66348411457564
1.87429545415554,1.70452547816864,1.68110454572754,-0.585553574555516,1.19448355978553,1.48969353669284,1.49955562474223,0.801997715081312,1.1329169602286,0.87752790341448,0.638146375363977,1.15766188777078,-0.367934799944979,-0.730628408454692,-1.04760510010023,-1.33800372814449,0.741838105709471,-1.12105973903441
-0.841307663547336,-1.40597431927691,-1.80600894349388,-0.196159345197804,-1.53330666778576,-0.616537518328474,0.0489647108025502,0.999318974942058,-0.896344902024375,0.961546948744124,-0.833425247641088,-2.3955577668506,1.25473101658753,0.600520518150919,-0.132679860624757,-0.541795579903424,1.31735378669853,-0.607166833532786
1.31571927814601,0.765745384670292,0.662585159307906,-0.246672996929657,0.308804640978868,-0.376608887782604,-1.313770965447,-0.64683327298912,-0.443940413201369,-0.860485173989526,-0.421093813839841,-1.72671024779209,0.288122164918965,-1.67343412590384,-0.00594452374036081,-0.964379889302607,-0.0403005516750204,-0.783037848180339
0.786766552894424,-0.604351452008018,-0.153394404344844,-1.93054744488247,1.48197295449262,-0.548236181818023,0.180411976270621,2.39360775868181,0.00636159509232443,0.207777892370138,-0.916105194930119,1.01266371101608,1.62507833884438,-0.038629849004329,0.869653162473355,1.02696510557293,0.227380097418629,0.13447381865462
0.348793218847865,-0.380284858121799,0.398753142640532,0.574255894731583,-0.720841285090719,0.621782824896897,0.33654131252816,0.0307830810998361,1.14630496665061,-0.343071867169977,0.0505432223557445,0.300063645039637,-0.662525343445723,1.23157413542021,-0.452870780231147,0.0329992148203796,1.39264937387191,-1.21019048094789
-0.279071861478415,-0.607103280484473,-2.53453736250591,-1.16762797858514,0.249580233360692,-0.0196288792034432,0.615149009208751,-1.07263270856185,0.274690585616597,1.07853545846643,-0.519316130344825,0.654861449621247,0.353071051266822,1.5400332129798,0.450472799147061,-0.30714770573512,-0.10269477762413,-1.12253702724849
0.824409894527757,-0.434042468510595,0.132179829142472,0.158144022279377,-0.24206909866872,-3.81521475262918,0.0857045228793867,-0.62721748411453,-0.502437108979966,-0.875234301768074,-0.825842447005742,-1.39673366517398,-1.12627379419144,-0.915890843222081,-0.187476144469201,-2.29758945653799,0.703890440749287,0.107272429255234
-0.300975100624435,-1.78627443680433,-0.782953809344647,0.851285814607947,0.658327248491976,-1.63919553637873,-1.51917648572837,-0.255727752965948,-0.573481694938563,-1.14154252706579,-1.04279228953609,-1.02762157413205,0.200074823289556,-1.48730846484677,-0.719142383957976,-0.00992377381152131,-0.476167418416184,-1.39812082604595
-0.423540508204117,1.0744967656724,0.29392744177836,0.729999376185303,-1.14818077783351,-1.64255513570044,0.652554081458373,-1.49329425809877,0.816460703699132,1.55213008910606,-1.58688051238005,-0.818391839565939,-0.623216308775448,-0.126661043181783,0.33812124585378,-0.313530981851517,0.774400090581594,0.597048987765066
0.207446145971079,0.585675424864386,-0.155987652309383,0.685241959794217,-0.874405155898507,0.720940844315568,1.41771995076296,-1.81794228412892,1.40177029973223,0.360048852152394,1.77974965137562,0.573541262758093,-0.261749812015609,-0.0630667545175161,-1.32633511111949,-1.10053955760213,0.577474273771418,-0.880222349770196
0.503351412987977,0.626642260418845,1.2594719027381,2.37754516223279,-0.256262170531952,-1.14948127328943,-0.254746349016785,-0.145089198582978,0.360577239000275,0.623801096114696,0.727566682059928,0.457447878798274,0.567668505969637,0.874590380778705,0.914524010583841,0.666619323930708,0.988087683532604,-0.205163762698348
-0.49250720756346,1.01184338950684,-1.22879306993644,1.39791962399991,0.915043770780504,0.0657122479245152,0.0257468165713603,1.88835480849323,0.202695350446493,1.34601615613084,1.12128407844525,0.397409631125169,0.875347526544256,-0.455845035600165,0.471245753188569,1.64498753009996,-1.1855307407694,2.02534075818277
-0.228491174386493,-0.876690573339342,-2.16306328708903,-0.304958634244828,-1.35237074258269,-0.383466313464277,1.73729676539478,0.106780539645848,-1.12115442688459,-0.728178038595057,-1.21332563101081,-0.113972563254496,-0.971048515894951,-1.46969095741635,-0.754591801384507,0.815502321405684,-1.58509323943904,1.41846087916678
1.40233447871217,0.254269013237742,1.44683087057348,-0.203742497244954,-0.547229244118175,-0.405096886310239,-0.219012254498001,-0.742284715193953,0.610263639074583,-0.472931395777052,-0.0946312721569902,1.44053766904997,2.20411964259972,2.54115515993963,-0.0126124686140302,0.628404805913123,0.165089004689976,-0.195128375305601
0.540410773556528,1.94494304861422,1.28680966034838,-0.382905617313289,1.65970398171861,1.79783925667347,0.243038317929552,0.397403991887462,-0.220361309783517,0.318923053102748,0.7557819278681,-0.0438560086531554,0.493706058047252,0.892740711932125,0.866743073798851,-1.15755556301554,0.105394272008223,-0.816046148281063
0.583722657917048,0.418778081152056,1.03579840883764,-0.260344478446738,-0.130028860340938,-0.971359866340866,-0.415130204883733,0.268193146817991,-1.14371277768352,0.349136343238592,-0.876310264115856,0.0719777789665295,0.89636612667345,0.128887418559761,1.87764667488704,1.17761799393842,0.682194869739197,0.374800963357784
-0.366183068691893,-0.0101080084389014,-0.589266281299332,-0.293321352205791,-0.0627577615122488,0.388362576659285,-0.759345986666273,-0.137363570789809,-3.64390747425709,-0.0814996708456749,-0.293312190841119,-0.480317504344063,-0.00263695605500383,0.352424946241807,-0.651036283971978,1.54222762657275,0.390959050441527,0.724044490318508
1.95250327959501,2.15408286200377,2.22594838803618,1.84824696908127,1.48593156768225,0.520373197561655,0.149153439292094,-0.840058259702583,1.6966980393117,0.0656570662294439,0.983553768539186,0.192434319043178,-0.0366680118661271,-0.992974813734079,-1.24161844621012,0.469771070208621,-0.0841006752985329,0.10839358200234
0.387247490943578,-0.920390033361544,-0.202527270616685,0.592177317374566,-0.230059650505556,-0.0749075888695292,0.24849959044941,-0.245147034351618,-0.742462678738289,0.632434108213575,-0.0713742362723508,0.326278306316313,0.228315775871607,0.870571998139385,-0.25960264995557,-0.432518724022769,-1.31888707783135,0.763851946373648
0.539485426221387,-0.431164195261126,0.698393209178293,1.68750025919921,-0.908601468015288,0.596965060266205,-1.29293616462154,0.505475150929098,-0.813292050498269,-0.412280036232521,-0.0100817802192291,-0.373428727177643,-0.762394709178337,-1.33956525703199,-0.356422118919283,-0.407967908800855,-1.21671366603595,0.736342679884333
-1.83017972881773,-1.47799640004239,-0.740539328608975,-0.701809413494224,0.243155941611958,-0.276135227251572,0.251830647364485,-1.52558597580551,1.09596360055511,-0.503165873500898,-0.906097057046659,-1.11823893556267,1.69981365976763,1.25710545329211,-0.303499152931363,-0.297203687474136,-0.505279505625153,0.314654086331243
1.54887063544589,-0.16234334070481,0.461390516504125,0.586995434677378,1.12133346763762,1.02326451242078,0.989986531587037,-0.577456580254363,1.56211110353006,0.802012789341638,-0.648078795123614,0.604363529841762,1.8285967557761,0.426189708493621,0.15694184389259,0.075770013665495,-0.641289031288037,-0.210228104139868
-0.452942660114606,1.01755986019542,-0.504583901633405,0.398437682322705,0.0482409156740067,2.04062202397402,-0.720262484825735,0.532909943917787,0.143703508629733,1.34049113676831,-0.48643207854957,0.819034993806292,-1.10177997768997,-0.495851641300816,-0.515217899058165,0.757252707410986,0.399071942004736,0.519473177117042
1.02793357684719,0.411301701965386,0.614914217415008,-1.16911322715294,0.258096780789219,-0.392386817749787,0.660402829962557,1.05735378166798,0.686485930697414,0.625661035186076,-1.21839350389173,0.918133081236759,0.0244310597811104,0.0410402688264833,0.301043479805915,-0.177484568518796,-1.16734557035613,0.203470364909715
-1.92218125103714,-1.2541606547756,0.180529472460879,0.894819582422262,-0.667617475040838,-1.68664068975061,-0.119389370664852,-0.202716106266582,-1.59040018416038,-0.504791083057585,-0.779051435857961,0.878495034189183,-1.12170708491521,-0.603078105038544,-1.10839431232107,-0.229490158000763,-1.3526944585461,-0.62037357516086
-1.33780757360296,0.0916100344051058,-1.05840664372935,1.21720467372098,0.521140057809684,-1.07140406688374,-1.4313839470243,-1.1250112405555,-0.79328640687714,-0.289332858082829,-0.203039750344877,-1.49775622268654,-1.25241680937532,-0.736885591427169,0.277270561708073,-0.280409975216634,0.671303610421996,-2.31971701713022
-0.480719026341124,0.382112221920147,0.0325590467589931,0.891027012700494,0.330256302607254,-0.0407354612091589,0.23790122891936,0.149148856880812,-0.39965894826648,1.5968450453291,2.05584314616064,1.81485842056599,-0.040718910022754,-0.123383646466511,0.769379491166407,0.110244925190146,0.797152306937388,-0.960135235241863
0.678304493479738,0.667535071458598,0.702211873073242,1.40086993295163,-0.441157001451529,-1.63598063243983,1.63297391121042,0.214499776559922,0.868885205742087,-0.0367910638811869,0.892022513410186,0.107679996790813,-1.67620874381428,-0.873157185356383,1.57489321925236,-1.5745135219227,-0.621681990220044,-0.899212270515337
1.04440371095698,1.4518285906864,2.10995511043467,1.67473949510337,1.4735311464196,1.12460377066083,1.24138358155209,2.06096360141269,0.864708521270366,0.530684863703618,0.529060852095617,0.799124747430083,0.649121119279151,0.0586519080081677,0.0629459377489991,-0.0823982223255694,-0.875348069240278,0.944057837666533
0.61904830737952,1.23932598499983,0.728095198372953,-0.207973065969558,-0.280727888768829,-1.2451067666588,0.100752712293018,0.921689709283032,-0.457951304702317,1.28015022616654,1.36016136712185,0.92730338039265,1.23740862653863,0.960147817995123,1.57906134971183,-1.85069219419929,-0.348729792617509,-1.13491590149483
-0.645269649222951,-0.195471774074147,0.465735079126049,-0.302045397707019,-1.16768055666759,-0.825038152200469,0.624307163767647,-1.99455271903236,-0.538831349523216,-1.41943759551266,-1.21278787379971,-2.09589061889703,-1.30370029873083,0.380939887279784,-0.919640953372511,-1.43330529471701,-1.31639258338756,-0.0666585947619723
-1.02092208163451,-0.897733802880856,-1.84357778175597,0.145252868333205,-1.78989455100759,-1.64424383763992,-0.808089018741686,-1.26969524434611,-0.0849988082919794,-0.435005500384272,-0.844542951991132,-1.74087178316302,0.999323301773438,-0.404151393774912,-0.182887009711303,0.702343961076332,-0.585168433089244,1.28423926310298
-0.417987387735044,-1.42616481343476,0.817895519621976,0.704682191337012,-0.605383762966015,0.106862473075912,0.29668480676884,-0.455933856474808,-0.200480419294417,0.431209365341715,-1.59519036792717,-0.775546162722938,-1.73554557211816,0.0173962026985947,-0.460961272983331,-0.0802791273205053,-0.674446983783208,-0.0674123341526923
-0.155185708445478,0.389625216603636,0.958552167834008,1.57627632875998,-0.400994281931388,0.368639392914493,0.313650362247297,0.903435715043176,-0.493436508774194,1.56158764190557,-0.407578750391247,1.22568639998629,1.05210531500097,-0.82458530564429,-1.30522838837374,-1.60074737714199,1.18032891985945,-1.59203316172581
-0.282432483432915,1.22491690476846,-2.51409973627553,0.831834838450982,1.50208762183447,-0.372064475120945,-0.0579541692344118,0.286243166317437,1.69125506574436,-0.480217392248088,-0.26970448295446,-0.180168950481898,0.204497928045499,-0.0307745083818132,0.0634439456843922,-1.16183145631195,0.55952026374924,-0.236533931476382
-1.06955135270491,-0.237734184860378,0.74706955590525,1.04903130681502,0.34252460567082,-0.649267750000326,0.713542969077108,-0.149524716541731,-0.216050568784334,0.636508094666289,0.33854736865143,-0.159364405365112,-0.139605719083916,1.06403286212488,-1.05822709471228,-2.39927111232357,0.456423876537307,-1.49233711748039
-0.423054025638902,0.481424306443283,0.786328526967288,0.476772276301473,-0.330458410987512,-0.666863404663842,1.3662126893492,0.617499183529369,-0.00225240737556707,0.419782363948655,-0.113283365628482,0.418475770193867,-0.52118473547856,-0.246088967828621,1.82281603426643,-0.628041492154892,-0.525946436295114,-0.799192568762085
-1.59192876933878,-0.784968876975183,-1.35141575960733,-0.859495868685049,0.328699394909672,0.62035817964615,-0.914056273827967,-0.23957505805853,-0.251921255058933,-0.714664551821543,-0.676276436602622,-1.04436173128523,-0.163711461873422,-0.648357082828829,-0.929112598823887,-1.45240288332385,-0.0547275437885784,-0.748116801993712
-0.131941186722883,0.167368421745876,-0.917122800384083,0.0832367064932615,-1.1987973198293,-0.566184792507141,-0.618097966926569,-0.355203442179511,-0.981852930305468,-1.00086352807527,0.305285000224054,-0.782783130618858,0.207063540590168,0.572842057117682,0.729243474579961,0.767449926985082,1.02458966773846,0.164332862903653
-0.0207831307884634,0.165575288591467,0.905529961196647,-0.964215804655021,0.691386985992554,0.0430145895267485,1.05697995697197,-1.54264842677781,0.552968220977047,-0.48148246967684,-1.13054136108714,-1.16210405097769,-0.0248913799273191,-0.204997023825548,-0.376874008476715,1.12088102343115,-1.80868235509753,1.54272017144391
-0.299506137018914,-1.14443785698356,-0.166747681076109,-0.704508869850658,-0.315906283203878,1.07332310580694,-0.57749998812763,-0.931189420078081,0.030609078802952,-1.01377403445563,0.671372244882184,-1.09037666649908,-0.0109765146990483,-1.06082957809006,-1.99088006273658,0.111820788647477,-0.256114322457159,-1.02169422604633
-0.873065918605237,-1.25873361619252,-0.300204870228145,-0.608451646462764,0.923334780306823,0.748068170650644,-0.153311348573318,2.35879078815542,-0.799519365505222,0.0987031734602461,0.466402735746128,-0.627359034658654,-0.317167088988345,-0.099128611351062,-0.0458132232062918,-1.46139919137383,-1.20806778816742,-0.671242417469389
-1.39644793878088,-1.40822777393907,-1.7320823096351,1.12776586314107,1.29705928800196,-1.28447976371205,-0.720147639569721,-0.547587112491771,-1.86474686522263,-0.245970845721697,-0.26254203237147,-1.98363182176896,1.13646911136481,0.963379244709006,0.841410646874444,-0.0874805025434525,-0.0784594841725346,-0.479426984963077
-1.77508563754675,-1.33176250376936,-1.0293318292614,-0.147542339993647,-0.219349120881489,-0.959245541469386,0.785664096112772,-1.09145768230828,0.600286995082288,-0.918303638232311,0.974701856353149,-0.868322720214141,0.229665504400557,-0.286010449256695,-0.38169867475603,-0.92334038846328,1.81340305565125,-1.51544529654268
1.28752056366794,1.39887622972434,1.01967636013792,-0.116696561168057,0.271093344663438,-0.315112022544778,0.401907325592625,0.879054715137136,0.598184914004438,0.559773405373381,1.35637629799543,2.35348779168371,1.20940482936995,0.503463285835518,-0.112120338922975,0.498915945138328,0.871190634607791,-0.119453304930036
1.19678787683355,0.403041581457539,0.773564084193001,-0.925107099245209,0.777835044643309,1.25977017772836,0.834415348118691,1.08013787543603,0.272346958041871,0.575640566323393,1.15456805853698,1.34576611916401,-0.120761275039968,-1.08151613368393,-1.0051696218062,0.370090225980217,0.220052066593591,-0.333617000509856
0.630047403863655,-0.644817354705759,-0.188815405637132,-0.869925611059199,1.58860846925099,1.23574280522083,1.40578352826478,1.9781591540034,0.767171419697698,0.578556065005758,1.76225388395253,0.1382927136492,0.752493760533675,-0.305918703882515,-0.391541391562951,1.09286996687725,0.825824652129967,0.00486018039870677
-0.484927923700172,-1.12106297839032,-1.63539887204851,0.232899515510913,-0.795593070577919,-1.15797819388202,0.0313997331815302,-2.92607005880797,-0.865828863154483,0.663437155438281,0.0408813417601636,-0.711842804335636,-0.289981740783711,-0.583814513764932,0.42764788648343,1.30263398186635,0.0155473441709582,0.791941607786103
