"y1","y2","y3","y4","y5","y6","y7","y8","y9","y10","y11","y12","y13","y14","y15","y16","y17","y18"
-1.69267184872301,-0.480952442220518,-1.84046216052703,-0.414727329324942,-0.855350158661284,-0.563488101019216,-1.05159817592939,1.16564498338821,0.257917178327141,0.22082875932938,2.08917673293031,-0.426939966943708,0.146673404367086,0.869024029054177,0.504140357958365,0.527822557906356,0.331347251858449,-0.635680988235663
-0.840967895844276,-0.909358729211491,-0.759869896296416,-0.704262882514243,0.245043778461073,-1.94536621174717,-0.38362004244039,-0.0740152604688789,0.193824161511898,0.295500055074035,1.06851980532083,0.82944538968224,0.791709024931412,0.615363040865199,0.889454092829827,0.778589231215758,-1.5689525509141,2.03790281346295
1.68950644366993,1.28428194020768,1.15547021349024,-0.333746444949479,2.00723303034619,1.28327846916628,0.172907617179812,0.979352879872378,2.07176352305304,1.36129111721421,1.8066888726808,0.230015986218348,1.0211458104733,1.32775676508217,1.4469966316577,-0.474891728433668,0.268487304328588,-0.406757983368477
2.69677209539843,1.9091131579528,2.84973116634101,-0.818019057412264,0.0238814924122204,-1.30570691022127,2.05031583519748,-0.0785098133095928,-0.155970174235283,-0.678551682364274,-0.0214570120057521,1.62492823526221,-1.50223716030268,0.412659683551782,0.901923938211361,-0.634295439950689,0.904554556442241,-0.779408613023002
-0.957511287272562,-0.716084129976636,-1.47146214845373,-1.67359120353791,1.79032587347829,1.60549012835249,0.414739767557043,1.01431304213519,0.533114260245042,0.492068025596361,2.62934637558076,-0.166249759935127,-0.290884699266884,0.775073278195631,0.0631075139151491,-0.933982599216281,-0.301966042477679,-0.142871334901974
-1.31113549211681,0.463560005955548,0.521951368421468,1.09806615749356,-0.650016185551881,-1.14226021547316,0.554340038258176,-0.514239034505223,-1.72048234324927,0.763415933794115,-0.210670916915273,-0.762587746165193,0.828236068769676,-0.863913342295398,-0.273603661683748,-0.421647620977512,0.14350027029769,-0.0438002326506479
2.11609011154054,1.21421126023624,1.56446769900818,-0.566700641403435,0.384234840976139,-0.876925806208942,0.200188657565399,0.586133646045512,0.398237208844901,-1.07465566390805,-0.446930623099032,-0.101010311769747,-0.531558595229834,-0.149405263816718,-0.103090532211057,1.95904398504359,-0.236825039574892,1.14663712052381
0.0143326387274899,0.242138707927875,-0.237263166015395,0.880544910207901,0.27659359901855,0.45448649278036,-0.0385578678111823,-0.322798986773819,-1.7144407935962,-0.185653751544344,1.06928524145835,0.243731843924276,-0.978648614027666,-1.25470919455057,-1.57041908176137,0.386637230786781,-0.379943677753179,0.633557657310716
-0.0150480912196848,-0.138412657810752,-0.0334351130398264,-0.993346955652952,-2.57108984327944,-0.85436707882198,0.390676395622308,1.08559649263779,1.42423726432331,-0.716913724047369,-1.28086679509699,-0.439605136046171,-0.519721833255648,-0.00472941647645265,0.400421764797582,-1.27259121782829,0.292729619258763,0.517597159698571
0.148081561564369,0.524455729717689,0.671769226139399,0.548323371201138,-0.179241637058773,0.238387690260398,0.711208083074904,1.1218760579668,0.423199576221235,-1.54639369680951,-0.301110015139653,-0.485025657714291,0.590640318291073,0.0833129801180819,0.741980336601114,-0.405809075335998,-0.203451825056834,-0.801515063600513
-0.970544692206491,-1.43446509586133,-0.620453875051591,-1.0501942536332,-1.35458225087174,-0.0934554994192562,-0.301649031919166,-1.8097742920387,0.637327793394186,-0.173198291443746,-1.48663689285204,0.164651730871487,0.45971288583759,0.150415608679984,-0.200706994211149,-2.31387338678553,0.54022812871996,-0.271576915627863
1.51191779730798,-0.778151218226428,-0.528922649863151,-1.49100826109468,-0.294140401639123,-0.934852632127977,-0.856942489462942,0.885276625090821,-1.30879833510668,-1.21657853218308,-1.84026825525245,-0.489032644873748,-1.70810083253393,-2.52824835445619,-0.471798050704711,0.71662093070555,0.768674243169619,-0.338579188249108
0.564190626738701,-0.48745465435885,-1.00291325112794,1.164548690008,-0.742626525794132,-1.02572874036536,0.433915355473441,-0.0622985208982971,-0.541025751038894,0.41380410527953,-0.729609894281309,-1.35968226063552,-0.525543801673773,0.76171234906023,0.576120194347424,0.461810053404518,-0.670098918338877,-0.445835293602405
-0.568267740383361,0.429866926038915,-0.644647438192597,0.148497781449485,-0.549357467235015,-0.714846748981461,-0.93572631553364,-0.750930633378998,-0.870695046412458,-1.20297919297168,0.0743181787524419,-0.363961032853619,0.178135810156912,0.319273196837159,-1.61909621473799,0.504801106645449,-0.814892617014375,0.616909806598213
0.566485435285804,-0.576756807947145,0.0827010063855405,1.38331471904126,-0.188438938706024,1.26227943507631,0.923308537629538,0.271072345965125,1.82164506916786,-0.333068045773844,-0.717854844355736,0.364949705541901,-0.22263471456877,-0.105375718401752,-1.21597308304552,-0.62269701247812,0.886555993523377,-0.9907255144386
0.460104309505527,-0.842108786174343,-0.300249365378589,1.41362471077515,-0.127282866910254,0.243406973659164,-0.735441511993324,0.273058925080915,0.202627296612478,0.0977507327035087,1.84211840372596,1.36967877629999,1.86903519879192,0.957307630128602,1.50784001888654,0.00877135720694902,-0.956867911347079,1.30725046236565
-0.683744947164974,-0.659910325983685,-1.45153313004824,-0.460614208076089,0.668625026054403,2.16900492144792,1.1560686735105,1.05274642809593,1.65240811376168,1.52824851614896,-0.49294974799437,1.01382887546119,-0.493240441540275,1.83942732845718,0.207170531057914,0.0128630522143825,-0.175462666039943,-0.528375378574401
0.08356880722923,-0.0197600086850002,0.847898873408585,-0.74715144477692,-0.974712103396405,-0.392749347487102,-1.31320232971893,-0.531885717492865,0.204007941010498,0.555245962314147,0.707776844098164,0.0673375827580592,1.06720621685264,0.731953497440178,-0.701414036054917,-0.598900565320479,2.11201393619048,-0.983278537715941
-0.206002317356132,0.959761125941361,0.644071567509651,-0.436689557737026,-2.42375300237586,-0.991783191709794,-0.173069555213091,-0.25363709163795,0.743725406007989,-0.361568988815865,-1.59076371352962,-0.302313169047522,1.27766232572122,0.328173859099667,0.894860516775288,0.723399201506062,-0.501913116890411,0.482084499676456
1.3206668881355,0.3256885608906,-0.0626507846178817,-1.3377048001239,-0.0645749067134465,-0.530003837199153,-0.204376887050623,0.161526814517612,0.526604575827118,-0.656764285392785,-0.843534025628928,0.186256140078426,-1.10309383518942,-1.21138813213924,-0.347636870903581,-1.03141817564041,0.156306545876366,-1.00727764830712
0.524253615302781,0.842903102498056,0.660093224804986,2.7981457679225,2.04263349116137,1.12829381566054,-0.33068622637478,1.02748834581736,-1.20031301693762,-1.19802756611014,0.995388964706683,-0.115784121089179,0.00973900928427273,0.0450876075793011,-1.20445597211069,-0.0854924522876337,-0.553101641545074,-0.65638471417842
-2.33095052288911,-2.06866265606074,-1.28186919331891,-1.58581370877583,-0.992906966543475,-0.60981848142439,-1.54908392460886,-0.210635671042816,-1.56894982439389,-0.154290673071167,-0.131532143749437,-0.489623077755929,0.446038041827952,-0.21741564883966,0.0468037801998595,0.118112868097708,-1.67064348563511,0.00669026966926005
-0.0940368863363296,1.25882410753431,-0.791661505905583,-0.166671709821252,1.65453307856499,1.18569557762304,-0.262029228552738,-0.0824427457536678,-0.0744206911198092,1.30879912835968,0.414989253425933,-0.0482157841919345,-0.747213496277103,0.203473904083933,0.733286559392829,-0.526647442663374,-0.353864288233203,-1.18708495591415
0.93433444460067,-1.26188196059788,-0.344705673114106,0.237511428110084,-0.520492046584127,0.770334585104895,-1.23461988243061,-1.08398178367267,0.287026174670458,-0.314812788064861,0.128113778819717,-0.647037146662649,-0.497349581173356,-1.7099594092163,-0.383334612136422,-0.934533262494626,0.841584452188078,-0.319110127466137
-1.31645509642654,-1.05069308750549,0.0723327866768741,-0.211511393826713,0.0451737657595832,-1.54024431161665,-0.886579610647364,-0.299619580209159,-1.08018255467534,-0.73365119461625,-2.1360357566001,-1.28947143697538,-0.281350301670353,-1.70272971218422,-1.38300026704822,0.222853195168803,0.0558582127560905,0.264661179255948
0.259389450667199,0.572490709069331,1.3825864741362,0.103287571167388,0.834235036912976,0.930314575937221,1.56719601233157,1.25733474752597,1.25046179798164,-0.900664796755429,0.912697322060432,0.36633080382401,0.992934962005738,0.200630551993508,1.56058941926132,0.148585510877607,0.0274823168001253,0.896281487183137
-0.261044069402826,1.76554793209643,2.09408966845244,1.96521490600533,1.35659118991649,-0.863663006587643,1.17212479309116,-0.578403924624611,0.294179346437454,-1.02682020960541,-0.0668112266994639,-0.272720517948036,-0.307751796414242,-0.545276435583169,0.502626169768609,0.78028032982607,-1.5483362292939,1.52853454255966
-0.588312163682053,-1.21609582374525,-1.39190706963779,-1.02114294598814,-0.165088407054987,-0.248602867248469,-0.606549581489225,-1.52955363563545,-0.320718748772105,-0.241018029203247,-1.33305407878201,-2.78798690978763,-1.92739366503431,-3.03163402614572,-0.809626402312766,0.951834385814313,-2.63012538100699,0.425751800245195
0.934010574538948,0.345893210863829,1.14664483212867,-0.0137875142745554,0.487787190199296,1.21848276393135,-0.0847208697214885,1.00505923985785,0.0758167632539609,-0.651985809667527,0.777079284455445,1.24980940979542,0.332577457902706,0.702163114651921,1.23569191095213,0.564003267489316,-0.294791278750428,1.35319612704277
-0.496452495266946,-1.99391646107531,-0.0157690885959884,0.481693188122233,-0.96725272171648,-2.3223574436321,1.06881839449292,-0.21825558879937,0.182239833796956,-0.465009946575651,0.410986372106954,0.577165879184178,1.21891396496902,0.813994128840914,-0.0270626017139462,0.431605351440476,-1.26617781931933,0.443578182274333
-0.0671401585544108,-0.550876636841473,0.163826562617271,-0.98522773695501,-0.613323266143173,-0.0765008935218086,-0.242598768759536,-0.702935626023033,0.830187921517625,-0.566865023901183,-0.127916310249531,0.831277765039449,-0.264719599629124,-0.500404406270481,1.15732499170631,-0.306290741945834,0.47103393662615,-0.145698376033198
-1.43058088808082,0.729040400107615,-0.11224341702899,0.131361254983365,0.138374769939279,0.496831982069859,-0.710659812784002,-0.277952649444124,-0.872776719582359,-0.197638356926014,-1.12359223459947,-0.864934126252728,-1.77416069603864,-0.366951871280727,-1.98221582760034,-0.464517135304049,0.871124720100179,-1.76566329278578
-1.46472375027175,-1.82140209715462,-2.0723021392317,-0.879283369845852,-0.500000417042206,-0.00820210468105503,-0.506152359318959,-1.71573786370582,-0.974474212736255,-0.684299489021733,0.472343884439109,-1.62919667401579,-1.66897065597454,-0.438962364489348,-0.500006184626253,-0.923348304513953,-0.984363649203298,-0.0309168271696532
0.866016990038682,0.492800486948185,0.628542370289525,2.68177276885812,0.809922182470141,1.748253342971,0.968724183155856,-0.754156428942157,0.645519899292085,0.145626323192582,-0.310442053284108,1.53975917033665,0.812302491633331,0.0338867147150514,-0.755967309297019,1.08399868685032,-0.805436097312153,0.931231888116835
-1.50566949320424,0.194824192376791,0.484941475573309,1.01239932752319,-1.19398821684367,-0.135860679054101,0.592723212712222,-0.726088169410054,0.0694154388318883,-0.697698711940552,-0.534548164377022,-0.685056563971809,-0.674039032985701,-0.657804660014636,-0.838406132814158,0.738431689226254,-0.605166130252318,0.399480287970219
-0.908600332500324,-1.45807595737928,-1.2173002857232,-0.0366033232738462,1.75220689601144,0.171498441786023,-0.242897111451942,-0.452806085365588,-0.0931071013454725,0.174776500954322,0.38891652540817,-0.562274721800257,-0.861629248835917,-0.615734916128878,1.26470260964724,-0.185760680295162,0.298279670063834,-0.297497757570276
-0.396815172815151,0.470129255130812,0.231212381314603,0.897700597995855,0.707898927694374,1.92539302481021,0.189328401842037,-0.648401192584863,0.0947852883061274,0.4228004424978,0.331264530705501,0.901933095794704,0.0684634833288713,0.974090244646623,1.59612659648471,1.12972415766885,0.748406986259268,-1.00092105628238
-1.33608413863245,-0.831161551677829,1.1180142388755,0.0997960000272149,0.160482338765511,-0.500713874972934,-0.389097119983417,-0.336948324768428,-0.0160301363523361,-0.389244464690041,-0.618521494125531,-0.863194096033373,-0.0586778976529933,0.279499634405552,0.356425212335283,0.886018730558332,-1.19559506069779,1.06873286832116
-0.536370341630395,-0.660457004497151,-0.531976996405605,0.65831741540612,-0.546820751082827,0.949368509022559,0.775117782972508,-0.968694212334429,0.0994058497585976,0.790943535358253,0.460140017897785,0.183617909091998,1.62759932742936,1.00218931514517,-0.974736935972444,-0.368824103615519,0.157232077370504,-0.117525871308173
-0.02473138859856,-0.84256714657019,-0.3782470136156,-0.389890624125077,0.386747479960031,-0.463023720632675,1.09851669893688,0.486997070804848,0.237756768789305,1.64748060010382,-0.724934911038488,0.500146776718489,0.755091984156921,0.288285995186973,0.201640298635716,-0.500814382802888,-0.663353156342151,-0.203421510003129
-0.000619449904386151,-1.11403833874531,0.0945243542016859,-1.04651749082847,-0.149591990396691,0.36180799121728,-0.534218307795605,2.01128351069282,-0.554780802745315,1.69627213813017,0.54288155309282,-0.215583081567192,1.75952128308353,0.839276131764127,0.437588686424207,-0.106818475611255,-0.641021065235864,-0.106400037338002
-0.917059562604783,-0.758178138702656,-1.19884443230979,-0.12124327712594,0.174980042849792,-0.894879260662585,-0.64096402055401,-0.994041182283023,-0.289667455975521,-0.398781105973779,-1.28756467906783,-1.3367898156784,-0.637495352360202,-2.55011304856851,-1.33275550303891,-1.3817695179593,0.459345985864003,-1.21971244304288
-1.09132030338893,-0.790752452018328,-0.375131131997037,-0.022095593881655,1.43868193704542,0.196279282523938,-1.47788023931938,0.13434133549034,-0.189659871648266,-0.619579912746097,0.0720147168264502,0.744525542216605,-0.36693674525919,0.37307687651214,0.0247971975338225,0.909872375236775,-1.41052381122532,0.441024245431189
-1.66361920458025,-1.46930266423979,-1.1099834622587,1.18600946137233,-1.65029793241249,-1.7154821133409,-0.092610951714556,-2.40991270703068,-2.08589358844783,-2.80441993242666,-0.843669789826272,-0.39879333955276,-0.0372890343830058,-1.17529379065212,-1.79968342591129,-0.232052054114738,0.152797597987929,-0.54196794163151
0.644632006404723,-0.178325434570675,-1.87191020360756,1.20737119532102,-0.111907071916699,0.702805081319258,-0.867707417459091,-1.56318055130187,0.46851340657917,-0.86648717528917,-0.854161408717442,0.135238859232786,-0.442925534552142,-0.141307056967409,-0.969530516398644,-0.431054757407689,-0.7427627501653,0.50387949347454
0.530110943924974,0.176130754998865,0.105233277616468,-0.445320885765681,1.12903242090018,1.019572715724,1.19463922346659,-0.371086079267683,0.458172788437632,0.645875761494999,-0.184950756318255,-1.64796705886306,0.518797154789137,0.0759462106676692,0.869046742803222,1.12228775118856,-1.2585578842244,0.0342361764290263
-1.18434167944325,-0.0987858078762551,-1.59952575563697,-2.30731188985417,-0.671174960368015,-1.11150378394537,-0.0707538689294241,-1.55289174080213,1.03418589157492,-2.24292771702362,-1.07143943162231,-1.21692408104622,0.865054292165761,0.687168648866507,0.0887637786761041,-1.07634819221749,-1.99522083891816,0.608369732046743
0.879628111672621,0.575520451846375,0.358315584732687,2.46217993392398,0.229774015831861,0.702867922812741,-0.953548276555568,-0.473467579883771,0.726049579331628,2.21530242810784,0.154034340141003,-0.248169126987547,1.10928031296236,-0.694314421115721,0.178511590626694,-0.591935025879686,-1.87715981577854,0.0745508936652776
1.21912665962839,-1.00919992053405,0.228221720731564,0.536984802209326,1.00352856742301,0.3225039174808,-0.0584709780594214,-1.60873510962476,0.620482182841036,-0.943443010705705,-0.210248883546555,-0.0963614479207163,-0.642404851403788,-1.71634940221903,0.735535685819632,0.809934417999159,-0.797376588735591,-0.39062236798547
1.47405723577303,1.35425059208519,1.88534133543346,-0.716618967741772,0.208343065699039,0.189053302895537,1.04363061657079,2.5219885168384,-0.156803927997838,2.3615681806964,1.60428573958467,0.855666029519353,0.152728635943419,1.46333160379709,1.83713561135336,0.690938920143808,0.506332314390972,0.995158801827651
0.689120076232066,-1.66995962587561,-1.30158298872567,-0.258793687628262,0.588786711337208,-0.00589440448784853,-2.27518188666971,0.193807066062588,-0.438454167747395,0.730611797915634,-1.12241596300733,-1.00620643426995,0.35467353439884,-0.157458768251555,-1.19639185215306,-1.28077954066016,-0.726861905980765,-0.662825706597447
2.25903401807616,1.31185786730145,1.11328631540588,0.354800514895504,1.19421526791965,0.804204380147116,0.794017338434871,-0.119593558065321,1.4285140771972,1.39955698537436,1.14926993859031,2.48946977703539,1.49531663287476,1.10111377849186,1.81266325922812,0.0547774802446205,-0.662928087834921,1.45040919202026
1.72980661592181,-0.26710126931743,0.837254450974985,-0.231674431836467,0.224679316115734,1.58456973086188,0.788635638714651,0.541561524386301,0.163968897820982,3.40131578170179,1.94635559778582,0.903678684909097,2.74811183100339,0.858383182058201,1.63176412604542,0.24746321279327,-0.212554561218468,0.877990371862183
1.32471509730335,0.722210456698729,0.885581266195572,-0.619291823589465,-0.381958421997597,-0.232924535792495,-0.723329156000172,1.85863765595592,-1.74807846068905,0.210402240393082,-0.0330205394009782,0.849614287473328,1.77712148299738,1.24759668154374,1.12230203904661,0.133350619959363,1.02226618678424,-0.000828613480554821
0.793317689723824,-0.873769719328411,-0.839385013987209,-0.526554841010714,-1.22814630546623,0.85367327650721,-1.26292453215104,-0.576762068071108,-0.638459615694172,-0.0456575088625619,1.72092233453848,1.35632532753534,-0.613770346216028,0.428483536008992,1.28159157731063,0.359460056242655,0.6232702548339,-0.244815392600521
-1.58549488493803,0.561343809833221,0.94637964140805,0.391336362736507,-0.525052142178496,0.384258435287034,0.356038539411309,-0.940287522867263,0.263229485157044,-2.21337060544503,-0.566492453600227,-0.492212900754737,-0.511998939016999,0.0648076286318951,-0.0919084802299779,-2.08041794675355,-0.352019494355433,-0.52458854488226
-0.567016841511632,0.181785261807198,-0.683828588379818,-1.84363586005824,-1.22922792467923,0.690070702080303,-0.262103979064515,-1.44867530256505,0.186764158328619,0.912681747462096,0.509749996302523,1.07916600767508,-0.825446892066242,0.77209820054306,0.793420327571337,0.460729748482747,-0.285342760341414,0.29740706460074
1.81903410292552,-0.605702361822048,0.711982854509831,0.118539193071926,0.272293685444836,-0.664229560606722,0.618005245325786,1.17620327066636,-0.274792489283182,1.17373676520513,0.673658630119797,0.222610183007739,-0.367328992590063,0.0770774619768188,0.751323092605414,2.07860884001292,-2.8393508889372,2.31560538462395
-0.341374330785483,1.22170241586072,0.100755344557441,-0.864676421330924,-0.271460733101399,0.223026713864698,-0.786189503735313,0.129376893061575,-1.01814968286661,0.0585468217396375,-0.465298472934016,-0.423203505496154,-1.14738119910099,0.51767877970692,-0.826998837633882,0.270991846618299,-0.234439137565035,1.67000416378573
0.692657148859421,0.270072159687924,1.32445374095759,0.447345154827035,-0.936025815557168,-0.986816334325726,-1.81826947774969,0.380811420032066,0.327249796958228,-0.16664566706432,-1.0031581997259,0.0659072908964855,-1.0717528060965,-0.897561120095652,-0.837859609385272,0.158621630714449,0.517343955527124,-0.184306294798612
-0.204985509833153,-0.214832347768633,-0.123099806080212,-1.62628991512831,-0.210133570263553,0.613016118540342,-0.463669579117258,-1.29243892217794,0.34370642048105,-0.711956262252581,0.330724014063673,-0.506527049433145,-0.900084521732187,-0.273717763817668,0.3706953274402,-0.608732832764757,-1.90851265993514,-0.316033280010823
-0.378108692121372,-1.4798393430067,0.167652319571917,1.89583668534227,1.94779956084778,1.74643886664114,-0.10592890975269,0.229471060477426,-0.525825745886403,-0.757736110863017,0.365037724662247,0.57067959554712,1.29022697622184,0.263380744820031,-0.897769614274181,-0.172090073854201,0.483243432382492,-1.44018181726569
-1.77679194418979,0.753711583884996,-0.609467129356059,-0.178199430578064,0.345971351093833,1.59339710397042,-1.18448875066387,-0.18622110996788,-2.03497753667835,-0.566220799547593,-0.397895063630187,-0.527706410905006,-0.56775574558417,-0.815755851637231,0.156636328529097,1.08074909211536,0.632120902771128,-0.0171339270587801
1.06758725732809,-1.3622748778842,-0.206977391456345,-0.817275278827586,0.60964724405432,1.14652174607573,0.261092785556254,1.22194356599645,-0.356951921773171,-0.982856465413206,-0.991446751302538,-0.155424918391749,-0.0372946438041194,0.508066887174191,-0.395165943105836,-0.672323251840132,-0.509669146985759,-1.54159937010937
-0.670029140936631,-2.67245785326825,-1.04382027671572,0.697962601058726,0.419728760284518,1.80402221893128,0.669118198405285,0.911043131130995,0.257519836102671,1.13438336966417,1.19168406740463,0.989960773175183,-1.01031637014684,-0.29545592897615,0.0650280130262824,-0.108790036669819,-0.976943860350079,-0.905225164430629
0.335811417287312,0.72853154947148,2.37377707901738,2.45732578001867,0.467107590964346,0.430052397558566,-0.630934534148062,-0.45309719430967,-0.68035038730635,-0.387882877400444,-0.290944761504982,-0.197841429807053,1.63387370795877,-0.742601340301045,-2.11862696106142,0.356340207847437,-0.333945468878673,-0.209153643459024
-0.247313008791323,-0.963497126772785,-0.151813813320579,0.97359528932386,-1.04753737682894,-0.218486840843692,-1.10301131656022,-0.566341382353825,0.409952054895168,-1.1530435345815,0.219962141376606,-0.0193793690242386,0.878206506223212,2.66819598321253,0.189981574595885,1.11710272462708,-0.832657510321548,-0.436597824133014
-0.600394084085061,0.733260072175696,-0.1243911821732,1.93752244339063,-1.21243100480857,-1.38999682551317,-0.520406980843157,0.170174464942543,-0.0355003244950224,-1.18850788970285,0.0322822081717653,-0.907340149274761,-0.113237497718928,0.458580087772156,0.0179098606316474,-1.05040156471258,1.00879341941822,-0.463057691261881
-0.260282248822555,0.109856220595516,-0.229121995348111,1.43838664142014,1.61845013841286,1.56799722605957,2.11176170872935,1.11012966232892,-0.184074893767257,0.444375334589867,0.306551725201699,1.28151643952731,1.9817977433968,-0.348566171158861,1.05658725602912,0.926641040809888,0.378907496793134,-0.23452134259798
-0.975231215429641,-0.188846701541961,-0.895735565448781,0.520802967249288,-1.25734386083968,-0.121773203121065,-0.396573303459218,-0.303992254000655,-0.395423792347532,-1.05772689465091,-1.21200166054113,-0.558539922075844,0.141482706773663,-1.24715941571828,-0.197098623514701,-0.127133675213433,-0.421712704474268,-0.549845976733572
0.16577899451706,0.0279780697889596,0.966463167415882,-0.304552637470617,-1.34111998647222,-1.03694129537821,-0.125827854747514,0.168809525841643,-2.01762626148083,-0.0411634067297763,-1.2245737515243,-0.149541077796473,1.6237515764014,0.867967902079406,0.0433907936042279,-1.98425817824805,2.26981884560885,-0.737390577252333
0.0305216503733028,1.1183389887834,-0.177259467019373,0.229987765288513,-0.425979826683922,1.2243054922351,-0.757935647979292,-0.005083250401945,-0.568471004181568,-0.675319908511277,1.3664756039004,-0.159736467564577,1.11280956966764,-0.353750393389396,0.743091015387858,0.454991317113092,1.3687102283166,0.394844883516926
0.25744855468242,0.292499780424833,0.603046880712184,-1.47996147423024,-0.994129600532756,0.408875540398668,1.23684854508003,-0.62663228213315,1.33354198762668,0.129822496155528,0.374281645063828,-0.155501931086563,-0.395845861115889,-1.3391146239517,-0.607373696112315,0.0722313805737677,-1.13863945858196,1.36409639537202
1.11550477082311,-0.0481418907425582,-0.0903363179387742,0.685749401604189,0.0777795973547791,-0.828521175594731,-0.594616829893146,0.301945422593666,0.255544736977686,-0.0193933668092941,-1.27363895955971,0.554887883696633,-0.658697167432049,-0.0201644505406403,-0.853711485586006,0.23495112480841,0.88138166661895,-0.627493159461062
-0.685452711189238,0.762787183318822,1.07179292942753,-0.00995526430737937,1.70078636994315,-0.131284916782925,2.17337604179802,1.46717830798581,3.43056836019456,0.864088528623788,0.884244229777472,-0.715291400595491,-1.09188475032737,-0.449745867428483,0.2560200612558,0.588657650479961,-0.0621394122645455,0.0757935899021976
0.211141050963317,-0.449163510714732,-0.872057007595629,-0.341277749463725,-1.2450492148865,-0.0177352171109736,1.28128009420607,-1.4876629793785,0.933565165541428,-0.29883043009416,1.08660748000491,0.855328837685096,-2.59543271667341,-0.250385273846702,0.0431168570873905,0.286926717988765,-0.013086108913559,-0.925531757124273
-0.184373023785342,-0.617352864297359,0.305494251625063,1.44580140003471,0.816463709401942,0.431728430914276,1.40034601518201,0.603105602742913,0.784414695295589,1.21273745724298,0.629365621149183,-1.06301473811371,1.47139843260804,1.61823485500679,0.597191302336535,-0.378440918167593,-0.786069683451243,1.58797525737304
-0.343132625755317,-0.13501295724143,-2.26004816654382,0.125598403966035,1.34933603215127,1.01594048667348,0.65163164932147,0.989748422083404,0.471397369729046,-0.338181450855614,-0.526155265206509,-0.440048146600152,-0.468278272866056,0.306929641728167,-0.0353452453511125,-0.50082309762546,-1.92425160125861,-0.952025885150915
-0.263407220508193,0.776754670368737,0.613917340030489,1.2261851017077,1.12713716295435,-1.30679175333631,1.09104853204787,1.75886212646516,-1.90490539835252,-0.453833215925928,-0.950557030309489,-1.19575945183388,-0.765110124353945,-0.931659064331717,-0.326169579743456,-0.256847170408184,0.13540781700887,-0.273710063614382
-1.47489549619343,-2.47610850743675,-2.8563429669693,0.646841239688175,-1.45626011868851,-0.243359202078358,-0.701987519012212,-2.01360576257116,-0.0592650284243603,-0.417748242036106,0.243677364390613,0.378093106475812,0.218853378841568,0.419993165686384,0.2245941902453,-1.59235596185136,0.119306987757199,-0.0655646669223778
0.702446554694649,-0.473384865688986,-0.412234406572814,0.173097820131562,-1.73353431344036,-1.01454863139768,-0.283767956393834,-0.917308562783733,0.789088784401236,1.86864781008951,1.0697938162878,-0.671072234295445,1.44386883950866,-0.10205408765247,-1.22701793179326,-1.95805076686979,2.46791641601641,-1.16728635571241
-0.977089300593629,-1.21566463367032,-1.2157750559952,-0.380897808097077,1.04597846178152,1.36404473194993,0.414395680560934,0.245451659732908,0.252162577580903,-0.808043700914586,-0.825555850118066,-1.74712846823302,-0.644263815481581,-1.06317150212159,-1.42708255190524,1.4577048445092,0.413541247483835,-1.67526176598002
1.67514486089457,0.759002711805681,0.814564590091816,0.383603632158363,0.915012369710239,0.274624357899227,0.468863181314489,2.22952156957759,-1.10629923740782,-0.785442129745988,0.186876329889005,0.40142012729349,1.03386499018171,-0.103844178884849,0.404682108124622,1.80165602902833,-1.08193322072663,0.786376454920862
0.0390332707230206,1.3753693844531,0.223232389298459,0.729773598039708,0.0304846570257747,-0.867827617156989,0.0213655847257957,0.2594970471069,0.972109923718902,0.141205622101485,-0.0521014315381186,-0.402947050624962,0.512735966888962,0.133939168242257,-1.8027774263265,-0.394467207301687,-1.08321912100693,-0.627617981276676
-0.626416286646057,-0.180024286727588,-0.156556574400068,2.34186374996694,1.08244496004957,-0.264652520162604,-0.167383606901167,-1.58193911361491,-1.04183381835046,-0.67577650494546,-1.13565185300298,0.432540757167446,-0.41969672431093,-0.719375079776968,0.0207088228949706,-0.0579802074319834,-0.495010735561629,1.50192328201576
-0.113655365674968,0.709096462506485,-0.155782647190367,1.68272909535541,0.839278417552627,-1.78352214942062,-0.00708879880313918,-1.71147271764578,-0.0717401813975679,-0.315378341998572,-0.955915255827564,0.445782502191216,0.520162992799141,1.18457918664787,-0.888389363686703,0.156618354813456,-0.581926592965925,0.5843209614657
0.771713917076676,-0.242490189645201,0.144941588594546,1.10348337093948,0.955917190699714,0.544534978126628,1.06592930557709,-0.481714108079718,1.03176079451417,0.328895009999433,1.5796559631872,-0.449427044054099,-0.977700376207207,-0.957739250285013,-1.01273573158834,-0.266769991327322,-1.41783985970042,0.370516280767847
-0.546024466968111,0.773446180383128,-0.81157080519593,-0.925305491156496,-0.372287926741218,0.14861337847227,-0.906503039474516,1.32194726599348,-0.311627460040632,-1.16619511881305,0.234170479397158,-0.627773476483126,-0.551920269155666,-0.0633825839543829,-0.207006959376263,0.806971377662489,0.640864299217942,0.496254683478049
0.0304240119205528,-1.60937976197293,-1.4315344381488,0.791219189098773,0.14047003104841,0.225026184220882,1.38016062984745,2.26980508070324,0.182288712895867,0.891338865449327,1.59132004598452,0.595739425663339,0.409349466503451,0.051551869705536,1.13554293537835,1.13329278891319,-0.233963714035731,1.40125305010015
-1.85074542751596,-0.030035461776816,0.442530002457052,-1.08958300054622,-0.247345907747913,-1.28227958913597,-1.29869514048642,-0.850949551554461,-1.82721765179354,-2.03595808414635,-1.92051507451823,-0.974013747916398,-1.07167484979448,-1.17938379319021,-1.0208350340609,-0.878784455555729,-0.26829887255102,0.234506313360154
-0.0303475972777442,0.212078905893147,0.574730366159629,-0.026224980467585,-0.172666709352337,0.406454374664613,-0.19007641383413,2.6100081939271,0.249496829320079,-0.438042905645774,0.432363091020976,-1.21978576535235,0.20453431958853,-0.543573032265428,-0.803761509219832,-1.31170790825358,-0.250320406339454,1.57430089529091
1.47867198573472,0.842619306747107,-0.279307937703969,-0.31696627515982,0.916678477518879,1.14484407335907,1.18673935761788,2.36443866505707,0.102953436600858,-0.000402201833712767,0.327959188311452,-0.0156749487451356,-1.02109071360408,-0.795921300605839,1.42400158134372,0.449924358439993,0.424847074955058,-0.830000371885213
-1.69757706334704,-0.316021823216933,-0.0161469477443738,-0.14611035982851,-0.942802770710335,0.3946974909084,-1.46345158664683,-1.93892063000714,-0.419559189779565,-0.968863407847711,-1.00106893084536,-0.682759495179425,-1.24787787130883,-1.24705755970234,-2.04672181427847,-0.207622047264695,1.98134405093793,-0.660913882606997
0.102117013063818,-0.551542806436389,-0.774068167900127,0.0638062103279598,-0.306943416415052,-1.36485990749473,0.805350278085084,-1.87176685615885,0.0158785748188643,0.991338221227142,0.795344412334276,1.43512232200032,1.1104517272003,1.61592558382431,0.97917344361451,1.7714942558871,0.545608014127755,1.28389878824622
-0.943557181479827,0.40837021782998,-0.792859884220858,1.2946639673691,-0.136863103263198,1.20284977988992,-0.33294831730223,0.140844473211114,-1.26831745222835,-1.33158795673081,0.494323581884888,0.85621690388148,-0.518558204024894,-1.34547847603368,-2.1839432048497,0.25648404475714,-0.316588883799152,0.873676967290012
1.02325930109114,0.265254696930614,0.156534838508352,1.32700747397994,0.799074593121652,2.01338419998271,1.45272805017813,2.45300542626035,0.530658285318068,2.99447979696864,2.10931965706152,2.44074886120743,3.3576562359599,0.841861491588891,2.09278984989846,1.29150175109699,1.2578734226848,-0.539278737139704
0.335696456206694,1.60009953612622,1.67529464715756,0.44551407756849,1.24132759383642,1.64273068993246,-0.195825460434161,0.977343958318787,1.13094523806477,2.26160193220255,0.318516810378495,0.261205959747047,-0.0278823813578545,0.164633020646415,1.34308715338346,0.726845089500929,-0.359321802336048,-0.242882261449176
0.0645058339077462,1.14123012002539,0.289388704579011,1.20718020123554,-0.121487359441302,-1.11328310022883,-1.20826260051065,0.697332883023563,-1.02335112520907,-0.529650402671963,0.181386019970331,0.917235369201311,0.646082188392219,-0.413664865597663,0.499180871955641,2.16870169960212,0.406893591000405,0.707074563524737
0.0886045637934705,1.40285360801915,0.921615867546741,-0.933093405986319,0.764950212027394,0.168702955454369,-0.4403629392221,-0.536042678002133,0.0589467024433927,0.463535733364251,0.319254138058393,1.43827294133882,-0.362194575546773,0.868283914741264,0.222021414419044,-1.62881715668969,1.103590354543,-1.26650807787903
-0.494583443139844,-0.321048965028585,-2.70409739920509,-0.30534174129368,-1.13214161244619,-2.34768515850642,-1.42990511139795,-0.867439582785718,-1.49052909613072,-2.21893960024014,-2.03441268993326,-1.43490099010624,-1.53484695870562,-1.43189410264148,-1.62468993129459,0.283650403809218,0.850058644184735,-0.318077208877229
-1.13383831483759,0.0913937435898118,1.00282213310523,0.838813747700836,0.799395050630814,-1.14337509019391,-0.975546789565806,0.371315300455765,-0.496584829147356,0.420864879746712,-0.993475346977387,-0.10953239727784,0.0837063868476403,0.0806140005163475,0.334039715951042,-0.862835667545938,0.795235606679944,-1.85365652893512
-0.247932419875973,0.870078129741824,-0.193208312303932,-1.16200752592393,-0.711576322588941,-1.44970377810857,-0.593214352972625,-0.468428201314652,-1.25795273670925,0.829223631229285,1.38387127513928,-0.120066674501492,0.694709810751983,0.151403191566635,0.171288104687963,1.42350699927178,-1.63971215723423,1.68825077767576
0.0477835730150133,-0.159073545301242,-0.0760766380426977,0.350861335871769,0.228599055551773,1.10465009178278,-0.871197780714904,-0.0138161524656018,-1.04141248815944,0.0763068541428371,-0.326288337720029,0.596745440324079,-1.26286955344756,0.198581352346903,0.0626430633141938,0.945825176001108,1.13379233102327,-1.56313962275679
-1.18253940254748,-1.38383380015237,-0.860125442813631,-0.465213485505524,-0.249816529391897,-2.28912578656532,-0.483544719367628,0.769096435235128,-0.760030757127224,-1.23286473967065,-1.88857755910809,-2.17301524828179,-0.326898566521132,-0.415835490051203,0.632420290607188,-1.03698698938658,-0.531289835241132,-1.42008913435217
-0.104534753971766,-1.918735794912,-0.43075974289112,1.03136916659939,3.14945009754018,2.97953791954837,1.6040354203527,0.806552386050231,-0.084253545918201,1.48406062250244,-0.560881649048309,0.842971958603195,0.664613495577939,1.26873396670021,1.22655674833719,-0.50706175387776,0.342010799940515,-1.28774797167372
1.47310205415763,0.904427051573924,0.597513899759537,1.30909383960464,-0.492045815612069,0.967383474291066,1.30475191336636,1.31731207487935,1.78813703687391,-0.724276612016376,1.06985694196272,0.797110122429943,-0.854752779119312,1.40620762904973,-0.434532368403537,0.206969498907029,0.661609106797208,0.0997286192448329
-0.535915709149188,-0.204678176037135,0.676965627357048,0.279659333777666,-1.50414362140216,-1.86612446797947,0.171741983841735,-2.74401168454228,0.680224503430582,-0.752326246572097,0.95168330972635,-1.72412375445725,0.496720928898732,-0.495599396285686,-0.164018638568268,0.501836290466128,0.386306421318967,0.921071712047756
-0.567132377227987,-2.29700835766558,-1.64770851987576,-0.515051756845207,-0.976844044572151,-0.756517143170283,1.22927731848915,-0.993556393552738,-0.413865362543148,-0.726340235129571,-0.0906010879625843,-1.8409265851841,-0.659956802956361,-0.0415502146673236,0.953936647916766,-0.357910304463855,2.10716827563217,-1.62242754769987
-0.896718971269052,0.0998891185519328,-0.359246427347234,0.238405133626292,0.357028093150033,0.784521052409604,-1.91981396938931,-1.01664259729379,1.35610065806382,-0.376549094789618,-1.47500486793231,-1.24908271037597,-0.0803094136886178,-1.53632622275872,-0.876851859908595,-1.61141674881956,0.253945014774602,-0.936281832154723
0.337843498466819,1.09653896142579,1.15277562872195,1.63582322920939,-1.08906193272279,0.0651964803611518,-2.04891333876021,-0.75971867858507,-1.43092833711539,-2.45776795907793,0.298011742116767,-0.228651765367868,1.55288677585166,-1.75684297720276,-1.21855459881539,-0.882496481333002,-0.515731228836323,0.104417335243629
1.71540391844931,1.3278319028625,0.338831490062292,0.704393498570744,0.537723138478081,1.14665814711682,0.572541323670435,1.51260095170688,0.557408652207237,1.27042968493433,0.195751232848573,1.21165575679933,-0.626683087929566,2.79636776146402,0.899453396975911,0.402161349940327,0.0173010998927786,-0.198434507307466
0.683493831407331,-0.739356989351688,-0.750463290308462,-1.12663434101355,-0.700952586475995,0.0659875655516514,-0.476844252525366,-1.04716326103736,-0.774904272308705,-1.09878355449691,-1.00768893616581,-0.834326494694373,-1.01534088624478,-1.3071708036934,-0.517814868175628,-0.927415193415655,1.21598645221414,-0.891551898557243
-0.744852061120438,-0.0460037479279845,-0.724298115680485,0.512036171337647,0.298306872644788,-0.024868475437874,0.0684139153833794,-0.981680341819578,0.877071094132242,-0.894486537780829,-0.444293286333174,-0.810215462302846,0.578810082358024,0.511714958139495,0.383966149980967,0.828163091159408,1.24711457221138,-0.20218467678185
-0.159609181747614,0.0908686950816203,0.449532035152201,2.89281561477814,-0.597635548595848,-1.43533713809949,-0.185218337337899,-1.05650151347832,-0.137354341334586,-0.229048277085964,-0.847277886421213,-0.118483894233353,-1.0882850379926,-1.12431514223824,-0.923727050106896,-1.07903638405119,0.702781015299094,-0.428022568344508
-2.07981213010459,-0.384600332348857,-0.346046993634,-0.396444163602406,-1.7665652407205,-1.79958129298454,-1.61547716994683,-0.473571035528432,-1.90940597555548,-0.647398743017697,0.426873970833304,-1.0548282460055,0.737539886792893,-0.315518716442854,-1.28584691869474,-1.90590067974022,2.69357226807048,-2.16415986869526
0.0467515541948659,0.769339804680699,-0.979343560198861,0.0994099916292701,1.63516023364849,2.68800931422798,0.522085618811377,2.35384544563917,1.43707129297378,1.85161897813392,0.443696796114586,0.322829771107233,1.18424774254796,1.73295609595442,0.968806161595823,-2.29688554817086,-1.13161698538587,-0.0651554761751711
2.41746076600918,2.07185389609675,2.07623448453381,-0.220831490861909,-1.09070432388973,0.679041405689687,0.398854085623151,0.236541367245306,2.5778059876204,1.29607537579188,0.742260617348251,0.500498415313839,0.29632725748153,-1.3974079190445,1.36154210279441,-1.46729154256341,1.53997901124963,-2.71015316658636
-0.547301671888139,-1.17970208746924,-1.30803740470826,-1.62377075429784,0.506987336542977,-0.157271823751678,-1.8413022266539,-0.269898489072451,-1.66801861166763,-1.0142131907955,-1.68864163257813,-1.13355393834722,-0.500298153581752,-0.709664713483316,-0.235571542411557,-0.270622791273204,-0.72319578837744,-1.29538466486599
-0.249706069932829,0.349985553589494,0.936614619261139,0.455213083008322,1.34362480856991,-0.682811432440381,0.127531398236387,-1.39534568479352,0.699910863556325,0.671597341531359,0.865331377759635,1.71032621193015,-0.703985463876065,0.854516366763688,1.05902780537031,-0.260053027688959,2.60358502806544,-1.41811332429029
-0.144916078372409,0.0986628258243354,0.406528384998795,-0.210407266110166,0.177275057326375,-0.422576911036752,-0.474311092848078,0.946503178728571,0.918528745339544,-0.2736975727976,-0.464232241651942,-0.0232007236973669,-0.604070463405864,0.420774229410858,0.853316315967384,0.160615710765566,1.28701529668035,1.02647116609992
-1.30500565002579,0.936070698881383,-0.548184700216769,-0.0667571107505711,0.924474032884289,0.71615126587154,-0.228512840560773,-0.765259107756764,0.281304370049872,-0.151236938552221,0.58779138554813,0.271876287294606,0.151973871461233,-0.0767750214856949,-0.75615559203734,-1.48615256671841,-1.57004829830448,0.212004852093598
-0.312433497632261,-0.340524953441219,-0.067455296299497,-0.0681397636180743,0.730000838622077,1.0870714796101,-0.44134150291605,1.37610055500846,-1.16092103234243,2.1805908383136,0.0178815355950547,0.371065506997349,1.50684872014038,1.03787954261703,1.21718549223899,0.260443842005005,-0.0654955688823475,-0.326636436905909
0.838793917233606,0.444827225272746,0.643969410968519,0.399313500144645,-0.413795820701029,0.00629916899715748,-0.560902641923892,-0.907894922189217,-0.355066614748224,-0.820231089581447,-1.85611036415888,-1.13187755493214,-1.93218651195695,-0.830135141003353,0.385781551569052,-1.0138937545347,-0.40778524983057,-2.16970827143687
-0.147495079382205,0.245960284301206,1.1209764909811,0.0542360211498349,0.0712564132030155,-0.0270203618899101,-0.251438886550216,1.0845796680217,-1.05514215816545,0.407387627225896,0.638942702087796,-0.35512772042431,-0.15092234634817,1.16224495739521,-1.17905939617327,0.393144304406725,0.198359245251683,1.42816875227968
-1.21124359510812,-0.231226326375726,-0.449718504547229,-1.46304689669351,-0.0628302604370788,-0.159811408018552,0.455857559025008,-0.737029320417134,0.164813331318614,0.651107732211115,-0.457387802025404,-0.326319899405643,-1.05576282980972,-0.148528840821723,-1.03554801084403,-0.718006834300047,-0.670639321030031,0.333027224900859
1.20564219638758,0.634974992237892,2.26649053832201,-0.255093365726655,0.589247722152672,1.24918786587599,1.12898749192495,0.699278271487213,0.786743838444593,0.636328790528572,0.497473786931915,1.94942756464206,0.153393586995498,0.593991506598596,0.297531712181018,0.222635602636006,1.19803343945824,-0.624352028191014
-0.664065188270773,-0.136457993865364,-0.90379518565602,0.989256870393771,1.38692931809908,0.287125241023107,-1.41441928193974,0.427703133941308,0.68737236500933,0.920712679177375,-0.356038668402772,0.625691976683009,1.10610154130842,2.01065429543035,1.77223511072208,0.411316359382222,0.672747990368956,-0.722949166988405
1.42689561011797,1.28438095207514,0.46677982855514,0.254690391336544,-0.249724752158382,1.5855681007813,0.990362886904973,1.77796305585748,-0.0325593282558491,0.247544335380793,1.48809003624904,1.04975321861808,1.73724771241671,1.18255204049287,0.4077088464713,2.50598301029574,0.519260469348077,2.11111650226324
0.441312322321274,-1.0510777320356,0.169211036145076,0.677024303474264,1.99263695499557,1.07670034851894,0.6612684778044,-0.941634376595037,0.684462386354239,1.28736576522552,1.4714777166235,1.14335452249012,0.122836209889754,0.497891280851088,1.86256661213497,-1.72927076393662,1.50947334640718,-1.11313428015973
-1.41320820182396,-0.481071712496729,-0.0253850916737792,-0.922592163802727,0.701974491534064,-0.0536575794481975,1.48004078170826,1.89388259632467,1.0698717783086,1.27137567502955,3.13041184768842,1.26688211274364,2.24704332276438,1.44933109615521,0.704604441302752,-0.0395862428789342,-0.561240107752806,0.802038068777712
-0.803764785512334,-0.0950333248822698,-1.13614162907082,1.05805309056717,1.83496966695362,-0.362979330007606,-0.803292703282434,-0.530378571722275,1.32176421433121,-0.19560636020691,-0.0389210656688535,0.0583143749495921,-1.67108285962875,-1.18873497549232,-1.40389121974574,-1.6398215042813,-0.79837813701325,-0.921322336419848
0.133694011524301,0.19571545897429,0.938314907487598,0.602241169823783,0.541149427018817,0.925687650677616,0.102563743624769,1.45696409286434,-0.727610710229733,-0.168388791888581,0.320329787578655,-0.449634662318794,-0.86321371466278,-2.03482546404225,-1.08987030798187,-0.614994077518446,0.452499024791202,-0.491324713155526
2.35583725312543,0.0105660668637849,0.65989747247132,1.67596177909393,1.46087957322004,0.456618626969769,0.844214330755001,0.63524510097306,1.0212309145954,0.901113696363907,1.21765520995144,-0.15857896991347,2.70363745447533,2.54938830010072,0.698147467293988,1.00872647766166,0.450718445931292,1.61588181918885
0.0449818349867112,-2.01461057604914,-0.365511598684924,3.41082189422598,-0.861338072721972,-2.39529877776222,-0.0439082350919096,-0.542456461849256,1.09224364610027,-0.727743999219846,-0.0188136338447324,-1.12318388922094,-1.48197194813146,-0.564683174229776,-0.508095302425928,-0.889772317237731,-0.708971856448449,-1.44662950321626
0.884889030941078,-1.02640291455456,-1.11298024641121,-1.82412362467034,0.399421666318286,-1.28166499954494,0.564087639166606,0.0699037320564172,-0.26884373949867,-0.0115489601661879,0.644168585890867,0.768228814717779,0.132362044001425,-0.0138929098516518,-0.459754938438497,0.451274633678301,-0.947592199291904,0.673611736082799
-0.251159764098703,0.0198986683145395,0.183538165391911,-0.965456771812583,0.220661235669246,0.72284870539555,0.829860334433343,0.747464725562285,1.76951569060741,0.763935510852005,0.700987085237182,1.70271412915366,1.07899246390594,0.279083959247928,1.01145816069587,1.29150079935398,-0.479853414647774,1.2021151716509
-0.0746584554737767,0.933774757865452,0.300009050285514,0.0740959916552697,-0.700857078865753,-1.03814554901817,0.231134820221771,-0.897846027103445,-0.297727094102613,-1.02853023928105,-0.921407542645884,-0.993693868640309,-0.82789099096954,-1.00523365205042,0.468482777486021,1.19238671266333,-1.89718490636644,1.81023745432903
0.441980762856013,0.452543791324223,0.872997490756517,-0.182686868082555,-0.333218914968964,-0.00479953343888913,0.699571589336918,0.178934392281062,0.813773594933175,0.291482280406463,-0.523063099334099,0.456822366387513,1.90672851548901,0.66113635960592,-0.732917381428543,0.936117486782054,0.127370321430599,-0.153167312182078
-0.410184968078509,-0.362024795531953,-1.05638712755771,-1.26933223834883,0.411720259025119,-1.29462617503749,0.55360677409233,-1.51321794325229,0.00954503250718189,-0.175347150320557,-0.918123302956585,0.831878708537187,0.144276445694742,-0.879185763719565,-0.375685719385341,-0.738848917520059,-0.245892792864354,-0.496950141485768
-0.449927751284251,0.707403226053567,0.0508910426692273,0.0859436086364198,-1.19202969862898,0.365717462539867,-1.01221130424967,-1.90441772250988,-1.05887990806979,-0.746416680087744,-1.0884743062718,-0.560384859453465,-0.477395864583495,0.531586020609571,0.225668334265106,-0.613469971917761,-0.0276423590095822,-0.286378729029119
-0.280081903215693,-1.2012921816191,-0.222093805251431,1.30370191029634,0.45211661696302,-0.499261594660816,-1.27463244462918,-0.0466399299479977,-0.897394716648142,0.598592713224345,0.813102868951444,0.652878442977196,-0.6181966084654,1.76503517832941,0.273207443271462,0.567643802809016,-0.556065245953327,-1.74898322522385
0.772319097736272,1.76343326308661,0.397475430831934,-0.0655051082506681,-1.03692895067073,-0.666944513732473,0.195337822655063,0.350906917169966,-0.502565973596352,-0.681252715755563,-1.17487400478981,-0.417697015167795,0.760089007040627,0.383501613128621,-0.073203245469559,1.15104433685624,-1.28044093735598,0.404766593519844
0.73665439617572,1.74927017311472,3.47097504068143,-1.42724664965619,0.600997045896314,1.16165633123275,-0.775144180517252,-0.803102562393137,1.52135193110714,0.756567120370473,2.1324503392736,1.5611764274076,1.20937617420635,0.514796983097184,1.00521903114294,2.51920459846182,0.258514515430618,1.46440561763122
-0.169434472261902,0.210248419881365,0.621289633179653,-0.509863456827933,-0.224666177188243,1.213640933441,1.11898589837836,0.43069519332299,1.22200093436455,1.39319378687237,0.373056821160058,1.49683967324482,0.0348844585459877,2.34132390512234,0.300953999845528,0.12308741752572,0.0560137576877564,1.17660736144521
0.401666865965774,0.587021071748442,-0.887288294183765,0.865748824691457,0.117167248608801,1.09295184451455,1.42901473301707,-0.522267393247193,-0.854614894345574,-0.812564880184859,0.49746114442653,-0.910585778328349,-0.197030309498879,0.64664138992694,0.935567455767352,-0.768025294847237,-0.554125398155094,-0.0447674891716442
-2.27222755953377,-0.747863714086102,-0.16438114422113,-0.201184112520547,0.215309443835916,-0.22297463885733,-1.53422632440633,0.697423072627502,-0.343019506952729,-0.701662276027418,-0.963546860003503,-1.03213582180497,-1.28368652386033,-1.29281632084752,-0.20492669281952,-2.2987414174622,0.411937502712571,-1.22622600237489
0.426945725522997,1.44911765920415,1.78301392005815,-0.851174899602765,-0.315903603612844,-0.853875886673037,-0.963718019378645,0.67182718404223,0.165445293590722,-0.194934745592099,-0.635725193061696,-0.516196838295774,1.4037950017712,0.639966391608221,0.273319119335944,0.139615430690225,-0.840198248141546,1.4439625708716
0.134440942195739,-0.56792208269128,-1.01596484414549,2.41280018238168,-0.227239592929514,-1.30095802717441,-0.558351118089342,0.23051715382741,-2.50901437139368,0.398900554435258,-0.0119052584546163,-1.1554563068394,0.101458285359182,-0.739116228462866,-0.017863571804271,-0.298082971261152,0.228217273541739,0.633253036674482
-1.66378141339668,-0.985067283116535,-1.28277504540432,-0.844734959932348,-0.70958565630127,0.515458456315606,-0.100959985763708,-0.658791388250264,-0.154131036719157,-1.65370461261864,0.314781531787861,-1.54005949909533,-0.655453120303528,0.268310792459828,-0.191714149379053,-0.0975909309610463,-0.474078881749118,-1.38013761290184
-0.609121522549775,-0.742573928029316,-0.296398768705572,2.01478048909788,-0.101644241682224,-1.35258602199723,0.653397237806925,-0.606988077796163,-0.00951450092559477,-0.890449046646346,-1.36733524755518,-1.28198796215153,-0.370328529373258,-0.512637026625405,-1.14298147788359,-0.976692893373947,0.36463583290407,-1.51311090608995
-1.83914401875163,-0.680650612577512,-1.75197587233048,1.07448184682827,-1.5898206461277,-1.14595716266332,0.0117361048080208,-1.22616915262587,-1.64651841695302,-1.68877626614879,-0.501280848560378,-2.40347068940044,-0.825111157624402,0.0270817884909887,2.23650329117608,0.0159620636695827,-0.867536248303738,-0.388711325491977
-0.371203238943458,0.920213534701847,0.822688155215203,0.630536514089243,1.14910431747313,1.60733662673521,-0.408914768548742,2.39494960951967,-0.533033929596521,0.263694606563329,2.03361930493432,0.934139124089657,0.168892472527435,0.850576431413845,0.535172238886311,1.90118947905581,-1.20227840676578,1.50476694800564
-0.568965693918497,-1.29905538729663,-1.66589135985292,0.870100643541927,-1.11742221235606,-1.56829067211513,-1.62036120378733,-2.6343093393913,-2.21102829147496,-0.25563244250958,-0.303127548044462,-1.48282718708926,-0.590263248208999,-2.62047583927304,-2.81305676530824,-1.47014328913779,-0.634518222229881,-2.79283208230911
-2.46083887612696,-1.01650380493479,0.185021161256032,-1.17770933488279,-0.226137271781925,3.06207629788649,0.606606185643322,-0.901426417914857,-0.601779441456123,0.557559916535278,-0.176296237245425,-0.12254900955632,-0.945575119875337,-1.45532071719951,-0.548646464901296,0.111874883891878,0.0853053732706118,-0.312439369744583
0.0606775611989313,1.24149005664164,0.267437930231075,-1.73664689197783,-1.3240689860234,-0.3890300132271,0.0547118318738254,0.234642543540572,0.328196648386517,0.640996731185366,0.998144284471582,0.00668357080621945,0.0459949455537265,0.184700953571081,1.13757595021663,1.25859586321525,-1.15723050791041,0.905388062695581
-0.894262212540031,-0.248553354435997,-0.323780190794017,0.326528071046074,-0.358809537417385,-0.749490013363885,0.552289936774431,0.23287868602623,-0.934289468931329,-1.17558777770421,-0.571575892720093,-0.46696368940746,0.608925717546306,1.01363110283998,0.411500224269941,-1.77018006964935,-0.0974167911172929,-0.695216716912315
-0.106714326947604,-0.640433160317791,-0.917635048754292,-0.636548933755187,-1.08612483470393,-0.0872140012943748,-0.166026814875512,0.464223466182932,-0.214480742870451,0.83073753406388,0.703898466370143,1.07153166944796,1.17443732416301,0.832728211848802,0.323582447781624,0.070369337801531,1.48184688871638,-1.51771237039427
-1.00919971615989,-1.07899903716415,-1.50254629612531,0.826791987619623,0.195521373688651,-0.185307615601921,1.39302826865584,-0.45973213589789,0.0976757773535414,1.24987703127528,0.0714462021480734,-0.234999903279876,0.794920032608028,0.323125081958197,-0.402346722112464,-0.626870439408213,0.685283320865027,-0.652644796195481
0.0318588674375469,-0.792868886051036,1.6891241600456,0.309107031441559,1.60515587299826,1.26160037382635,0.21344402058089,-0.00858200664243643,-0.600882127843111,0.65654392614449,1.51719033337752,0.326830616147039,0.698849501474213,0.263245984513846,0.594934665645181,0.0251195239224191,1.10855549028511,0.0187395280910504
1.02500613785208,-0.759226629701126,0.0466963377049058,0.203039669631936,-0.430885350331428,0.294638865908961,0.812463989084799,-0.509751010934013,0.764335395167355,0.557268295985145,0.403995566048051,0.755413691858527,0.379319147254798,1.33995371911204,-0.148500644438319,1.0118888696931,0.0567833209965219,-0.00573264092074626
-0.808072607210485,-1.61106138748474,-0.975081920116356,-1.10722001188771,-0.518897123203768,0.0127237460965278,-0.962694405984065,-0.576245021459583,-1.53223021790347,-1.0772249141872,-0.237343718533679,0.119877187572468,0.317993183787154,0.372826903868925,-0.158180652776694,0.701124001306963,-2.06704615562102,0.673085745028875
-1.03913194764147,-1.99943690759837,-1.25990255236179,2.37553728948644,0.945377740440338,0.331014967912249,0.645450106203093,1.43476825860704,-0.977701389536441,-0.520636501944835,-0.900235979051889,-0.197659288969463,-0.695889259221971,-0.0495379995464586,0.0250024152970355,-1.66628649859668,-0.0414312475544035,-1.05573442028531
0.402454365545519,-0.754877701900706,0.0502688230740376,-1.10846931733425,1.13221105855874,-0.0192639502959694,-0.9976926404338,0.931162309453182,-0.105184127388869,-0.689651004487823,-0.385311056304892,0.36035988844712,1.11922421610088,2.20042301250482,0.163237407090737,-0.509065643306231,-0.279022476248067,-0.0450544589787973
0.701995631537225,-0.148737986922992,-0.0515684814963545,-0.578016986059705,0.903718240857804,1.70680394615688,0.0954161847564177,1.08868967265203,0.423561838023795,1.37973926291236,0.437369339789169,0.332874177163831,-0.257145957771213,0.284448949429048,-0.56890818800648,-0.700819503810147,-0.0643529100412582,-0.729409025257121
0.562747297177282,0.29950213100321,-1.54529522396243,0.660534374536705,-0.803107849536393,1.0532252895251,-1.5261895828378,-0.250970625945602,-1.02183027440426,-1.10973799659179,0.624020078499819,0.813178098237483,-0.617509711790405,-0.656867684491287,0.378063301481525,0.319215925076627,0.429989602976811,-0.436534128273476
-1.42689585314246,1.02641634324359,-1.34217343158604,1.15529427634074,-1.22806994480862,1.16704572539458,0.742318337762895,0.926302738390374,1.02407488069633,0.349334799789591,1.02438710774652,0.28939562356804,-0.125861045274693,-1.29314561568544,-1.11278010183104,-1.62997979939226,1.53720647643884,-1.31272837513301
-0.191123550815133,0.381297941461844,-0.179427777556874,2.06849924240927,-0.128999699035065,1.20905542573879,0.412755172727765,-0.443352610847944,-0.286329357384134,1.02497304585719,-0.672487234043875,-0.485245950489454,0.501181608634509,0.87609980438984,-0.649673870174788,0.219654704595763,0.258396301726005,-1.05771874819608
-0.527131824750967,-0.608573617310247,-0.868680518037043,0.990067592569484,-0.441299352293182,-0.806346252228982,-1.07460986047263,0.0560318037448665,-0.95230448478966,-1.20671944757108,-0.464316698756812,-1.37620049694944,-1.53849560880441,0.020891484240956,0.480226489624066,-0.244534708564251,0.888840304222882,-1.12006579972734
-2.152514530694,-1.29326171170144,-1.06864052753823,-1.31587206539961,-0.495963683271414,0.677592151852573,-0.131250757487887,-0.275709582597594,-0.723994918521815,-0.625932387278302,-0.939767948745003,-1.65042536740597,-0.400938249654054,1.46476156780548,0.197816656201094,-0.884515758034229,0.363031824486698,-0.81578988924607
1.38363248372343,0.861949337945562,0.696567527921567,-0.0499112017619762,0.665283693213941,0.896079278190247,0.737628901950672,0.651826427544556,0.701984382314791,-1.01845470255361,0.19295871699996,1.00364832758403,-0.225763646153826,1.16679044792012,1.21229526074482,-1.13739963389499,1.53193146021857,-1.27889027536608
-1.13733859247212,-1.37020434291328,-1.42585118591291,-0.439866612839233,0.591110278168861,1.28311290520788,0.136359699009652,-0.51785661751675,1.69191745132085,-0.301243391297535,-0.674338861684566,-0.537715705126244,1.06799623721532,-0.288211891093852,-0.624838415881594,2.02853618638752,-1.48527432112995,1.26254290726493
0.0102937277147378,0.668270618526159,0.977313404184018,1.90673191165754,0.462241224228092,-0.361638228855484,0.530969873024606,6.69775474794075e-05,-0.195038997189822,0.0973022121677085,1.37046430261812,0.989177312726583,0.316728987539396,1.14213773834553,0.471574477378574,0.581862507784497,-0.123050541658799,0.950745646473028
-0.666850204125516,-0.597037464834295,0.653314106218382,-0.919667648194859,-0.892964555140638,-0.147163209962528,-0.517907568749951,1.54979003860474,-0.803401613981089,0.972608799135927,0.699758606314999,0.416499333363567,0.529612949036106,-1.0433783298936,0.0300557029916259,1.63807451535545,0.790482299933867,-0.284780336741908
1.54432404016913,0.0182930841265403,0.592508575898706,0.606754370460737,0.910839791976372,-0.638498005447233,0.96605391590767,1.47438739439534,-0.367667974454826,1.18791104251189,1.22289436997939,1.98725080156843,0.843799599079468,0.741910187299419,-0.0479174340174554,1.04450677607571,-0.106637711822554,0.356401269106506
0.0925355945597944,-0.831052983903505,-1.15497398447226,-0.126525010260744,0.190260934305328,1.93188923111363,0.970768015643424,-0.399626320507888,1.1498915476745,0.714794261638391,1.18226044589158,0.532180528336475,-0.738140221567258,-0.0464480920342421,-0.242095567111587,0.637364669940688,-0.920403760630202,-0.349179132762481
-0.161536465047525,-0.603756682980718,-1.23052620361378,-0.151892162333676,0.182757604182083,-0.461814790363936,-0.643884176314088,0.785595496910642,0.291536043308817,0.549437117630898,0.0535316359677878,1.75519716843338,2.44804481139805,0.906176927742019,0.695054141410448,-0.949829119755413,0.583832122268553,-1.03693866861248
0.278358484789489,1.32574500833766,-0.392650258966772,-1.10030482200519,0.25661271368218,0.424686048286542,0.585692924415764,-1.22042303269836,0.577668321401966,-0.310441458691474,0.339487785242038,-0.375484745166299,1.76012400768807,-0.770933282002055,-0.473833470496704,0.325275026507841,-0.0504741070735646,1.85285168145652
0.411845128753586,1.6273006086967,0.333031960960747,-0.858864628219858,1.8529832887318,1.78312665929451,0.20229989773118,1.05533063656898,0.0395038522465867,-0.214111467640651,0.334977027394817,0.425940758051076,0.570642584616475,1.62934501562136,1.15127617759994,-0.043397497964902,-0.295703599499254,-0.330456815135829
0.701487421508242,-0.268013729053963,-0.243114365249883,-2.42029625275243,-0.32981600200851,1.08614231241759,1.10501450924538,0.653462639729477,1.63922928851169,-0.573480194481281,-0.00279400886550453,0.715206011291612,0.410540423572051,0.164079081899025,-0.496623294856184,-0.846025267869901,0.861006650439339,-0.875022636788846
-0.332332006232248,-1.92528238209254,-0.659151253802244,-0.0495547786966989,-0.592060884980347,1.89276475086842,0.856539888053171,-1.75357074830076,0.161633445840658,0.545477120525949,1.94657472247159,1.70410109885791,-0.117751515426983,0.614254191926078,1.71732188934087,-0.634394546156815,0.929159451963715,-0.62222789929019
1.31759829816503,-0.0664048330547135,0.219921045611419,-1.80959038127051,-0.91870746068005,-1.93782105109982,-0.147090275813655,-0.855176219865338,0.646375971473362,-0.347644056377633,0.417373374059604,0.377502245429182,-0.47847654197172,-0.81890459122197,-0.719113169865299,0.505714574545512,1.28988072977016,-0.493694591917956
0.791416719042983,1.093899151357,-0.575703094175941,0.791642622822241,1.51838208677536,1.00521953910569,-0.801141730731377,0.782615696521106,0.950891648873941,1.1461690043366,0.81883500026509,0.571167860774587,0.0319083699240177,-0.690451278017296,-0.62077949449943,-0.936036537013463,-0.947358358391296,0.649692407541512
-1.17613781608017,-0.947737995728826,0.199065441186127,0.918104256305021,1.36521553257816,0.963441179619675,0.588997055549879,0.0796561778048804,-0.916511405193989,-0.656428076508639,-0.854832899010589,-0.851043131591202,-0.38632097577277,0.41306476421445,1.25568583027158,-1.16217354165085,-0.443124709914601,0.0294144099401602
-1.35983678996916,-1.5587362860986,-0.90770545493638,-0.7711462052471,-0.705304069639369,-0.492072424291441,-1.1517674773141,-1.16217943540591,-1.30316695191988,-0.924046518582774,-0.266123878281238,-0.272972401157534,-0.29984510924626,-0.294733441340899,1.36873571948629,0.16411615431312,1.11359953386394,0.157958840778594
-0.920366484716269,0.44766222339523,-1.76314740710158,-2.1519510540645,-0.519775323307033,-0.409906210370641,-0.535514774629442,0.407398459188606,-0.577253516946102,-0.273619276028519,0.75297079040042,-0.244098996427,-0.361109190585521,-0.389050144215682,-0.413211201520941,-0.551106946977257,0.526514652773322,0.786020222403904
-0.159934876269357,0.718060293085852,0.641384919480553,-1.02814879352897,0.754408815672453,1.85295669991474,-1.39466436538905,-0.509737331320532,0.303230598044278,0.668418403044822,-0.759305728471257,1.00924797205461,-1.6717973382144,-0.887115950604047,-1.44702145788593,-1.53897554277996,0.809357233072971,0.550318257713006
-1.07481323261633,-0.588804624539227,0.506718951765864,-1.32321465156815,0.446881795569147,0.556661593106103,-0.220290675284745,-0.881865952088475,-0.568492620025329,0.567495745479806,-0.191688080322767,2.30307711568063,-0.319287205812572,0.747216945509109,0.382944345569984,0.827977744685234,-0.868430550905896,0.626908063509943
0.101938574858066,-0.0775566099049248,1.60036289510255,-0.864376150788738,0.657305086982835,2.80768708275458,2.30319125575562,-0.0763169817112934,0.963142937286078,-2.14602373079206,-0.661400206479375,1.49290237040667,0.00644872231338977,0.601756936824024,1.18319272228463,-0.167732764732907,0.156981559731297,-0.260355658924752
0.129414164860715,1.01730909075585,0.454715860949075,0.0540946066675429,-0.14510568263774,0.64594403871572,-1.17895314000425,-0.172599324748148,-0.799043626755029,1.25065371942385,0.56542723756742,-0.797912979524636,-0.783576938024706,-0.824996643388002,-1.44547639973041,0.625653633600233,-0.435754993932492,1.10157411387381
0.596348085252316,1.09237903943532,-0.539318299182762,-0.724058748102571,1.53245636375478,1.20586072191524,0.795564028107437,-0.853402850441999,-0.381047171017369,1.47229868834937,0.133492539909469,0.770398380801243,1.20151661889921,1.04254664263265,0.582976955559996,-0.319062152538549,0.56664927880042,-1.3391962691131
-1.61107154991228,-0.592570486507344,-0.396393624124764,1.12817664169387,-0.479943396921367,-1.15817242688372,0.453912141289552,0.774736222370151,0.127864486517301,-0.533112662335195,-1.68902869459604,-0.603274955678859,-0.972232168244222,-0.0937426033738235,-0.474316702616853,0.35890583934219,-0.0902265409840981,0.22550097570306
0.338928467301407,0.845657560942761,0.637982478340175,-1.19652804830391,-0.960560695289434,-0.0158427217732919,0.0490117999330339,-0.215699923895041,2.31058717233203,0.30243549422974,-0.480014993431067,0.236451633564923,-0.0944910820351869,0.90519642933908,0.798307861066014,-0.27562079633377,1.54071959901134,0.653381276826601
0.826108843803564,0.0486831054883821,1.39085040361303,1.33262897897539,0.492612315736441,1.29730738884865,0.554569972478452,1.86776112153849,1.59460771228453,1.15276111281007,1.47279120980131,0.547635517371318,-0.0980252256291878,1.11990593551435,2.2091793827482,1.86015011590975,1.06138126787566,0.283965644967974
-1.09584868689377,0.62880793441584,-0.24244169372971,0.779164090777549,-3.12217905830547,-2.5186309993568,-0.813328731577688,0.106201809566678,-0.657591046979987,0.376875834170525,-0.368008891785318,-0.154937855119924,0.0423888351282935,-0.823756044825384,-0.213139445339539,0.201276186625887,0.82559422816988,-0.853237397869353
-0.197824795853528,0.499015180049524,0.396271285743943,-1.4688797910156,-0.444107670269678,2.03008672903488,0.30733778527024,0.0481280830480648,-1.91201050279962,-0.710497998349089,-1.92800941778644,-1.21706338121759,0.233878286355476,0.127963223132959,-1.67556677614787,0.291028916798243,-1.53731397338245,0.158195826034809
-1.02637745556435,-0.592386301684044,-0.762181579465054,0.122223357122279,0.740699642512413,-0.0990990226941456,-0.543090602526204,0.798320552548943,0.861686260487417,0.985833555679244,0.374680149668941,0.651521468254927,0.188142288465912,-0.585283772532493,0.669230749890119,-0.703629457774598,-1.6865429061377,0.249144699331142
-1.20442732364582,-0.849484922863933,-0.633690891439208,0.469806469738481,0.43885449817006,0.892662598070134,0.601981798811606,0.192854304637548,-1.26038665899422,-0.770598841811881,0.100708649055277,0.340847249594122,0.0802835569980608,-1.09192473101454,-0.879565769319722,-0.345843972835528,0.0269578176264421,-2.72056503921069
-1.6761183290288,0.572554102564834,0.0989143511323482,0.251644717209585,-0.768454275052293,0.161357898266314,-0.00816816184945681,0.0755640228725053,1.28982082247861,-0.399318586131415,-0.503911959946974,-1.6635450823674,-0.674622516487308,-1.30386167243228,0.203415110240233,-0.665727272214395,-0.767768093726552,0.130160517792437
-1.06115587015578,-1.59359484509645,-0.139440389652729,0.351179551900941,1.08112980950802,0.504723812651005,-0.513021024879718,-0.945827102921118,0.751908504645654,-0.217908663550613,-1.0801202220067,-1.13857423901164,0.296991531902274,-0.212877130519351,-1.94917806015668,-0.70814319942983,0.0195562344583477,-0.600320542922507
0.690557649511795,0.0302937250336914,-0.416277428069934,1.27664457954665,2.20921714788837,0.190904120719676,-0.394949606082072,-0.169741770909143,-0.272964143984089,0.127359557930697,-1.13921867834107,0.159253234305862,-1.59182155982231,0.15247012195334,0.235245810989797,-0.620767251640903,-0.0581281635882628,0.185263364524675
