"y1","y2","y3","y4","y5","y6","y7","y8","y9","y10","y11","y12","y13","y14","y15","y16","y17","y18"
0.350177756167489,0.948117110422533,0.305594818058951,1.10738389290845,0.312857040484652,0.35716285458847,-0.153692353895172,-0.419870713493337,0.716340120884501,-0.224041442336172,0.5886535900358,1.06060735917901,-0.337428005736236,-0.617709967140685,-0.701190919121601,-0.313699773859495,-1.05188244529597,2.34350944636868
-1.30509249942631,-0.349963559314847,-0.68092279827254,0.609019265602772,-0.585329005721645,0.963280512495616,-0.189264736037917,1.53086036270338,-0.964132400006106,-1.89653101180548,-0.531686326234086,-0.867987439901487,-0.47868048255886,-0.0923467260102202,0.322704978504422,-0.313296592685921,-0.784248594536855,0.140855489713438
0.130485995852782,-1.41604556131692,-0.138413415657807,-0.110025270069063,-0.5366040646821,-0.224290384492132,0.602475346339916,-0.619194171848461,0.611139426373108,0.00159517946315288,-0.236977733052936,-0.622285089539642,-1.14998975075647,-0.403064777576388,1.90236618681323,-0.295101064518847,-0.891135811535509,1.43120266669331
1.26716622882895,0.674282168077811,2.00621260639989,-0.766277654423459,0.277621992803004,2.09139275581594,0.580585424616913,0.456932987565921,1.2339023554974,2.15971465567557,1.47865383650514,2.59745520382873,1.16888349052696,1.46629364069645,1.82696411931929,-0.127159194781827,0.362031851737981,1.02219783932422
-0.982510150611384,0.450835718958682,1.18220245311654,-1.74588459184503,-2.35041791734268,-0.852014720888389,-0.520487279453948,-0.902504768483867,-0.803890900530613,-1.1429193720215,0.683176461657214,-1.4296368682127,-2.71053380359421,-1.12930837599332,0.211383237545889,-0.174891813602425,-0.328363906348048,-0.628293573420178
0.47830144850618,1.03739542593622,-0.418871154765125,-0.843745843443884,1.7482857904658,1.72746304388176,-0.246798872185076,1.47305225521174,0.535480790931265,0.669515749854974,2.41420288654752,0.775224882935051,0.574268620576378,1.77498805676706,2.06962548940401,0.587442760146859,1.62696526115475,0.055713267060169
0.146590789190581,0.639449355993387,0.29281215124033,0.397028892787438,0.253985913445792,-0.432834976441637,0.887312842559625,1.34761749994894,0.670843651526392,0.662953773397197,2.12683815923487,0.119645386801878,0.536144822943446,1.28160500796046,0.773097590369465,0.842461053741078,0.304459810468864,-0.908213259465036
-0.770306313431505,-0.119064220453792,1.18785991231211,-0.118260151256774,-0.581012264469287,-1.17890847722083,0.985919795557113,0.00714087599569964,-0.262209626652062,-0.77717007574393,1.06951414520056,0.0377104808909781,-0.193941411008662,0.755568010526575,0.182122953119385,-1.80795923766669,2.40075949719428,-0.844992273584472
-1.23415846023064,-0.96098344815814,-0.80400609590269,0.700211311962205,-1.09561701244003,0.540002197958887,0.669664005706061,1.69397674503602,-1.60696488670285,0.709527152802262,0.27525278790545,-1.08083335320185,0.104862023479937,-0.676770232097546,-0.495053862558617,0.272808482278558,0.721305480394812,-2.26204816991441
1.20855754018148,0.55357423852454,0.980208487534016,-1.65052946549007,-1.0073064918316,-1.10475317028722,1.49531131312176,0.814165065974904,-0.39734540018076,-0.0821807063156025,-0.10004394416655,-0.880699815109111,0.328610288247633,-0.114315122841732,0.664848888958511,1.7599846334318,-0.876435025077083,1.02424975606947
0.736343399654635,-1.41100259738297,-0.718633379072081,-0.376699080959138,0.356835025665228,-0.0764827139584678,0.480727456097453,-0.37564768758965,-0.612845860794811,-0.172698156268862,0.310678596806896,0.279884687755641,-0.650526787848359,-1.0806077632465,0.753125410522735,-0.659393221808605,-0.210287606330047,-0.836387364548151
-1.35121178484886,-1.70253531366884,-3.3141394948255,-1.613494420978,-1.26931032786571,-0.451298692093057,0.768122118713242,-0.905410486181059,-0.972697134039609,-0.0274725779277587,0.230372751651643,-1.50293393060622,0.745441286693094,-1.12731916056693,-0.84880803180825,-1.34135020610758,-0.0566138684004824,-2.00309585587401
-0.750076408892633,-0.076894211101261,-1.88258840887646,0.213422258476688,-1.97857824095466,-0.735770221031204,0.0866982018226855,-0.476189290836302,0.175526755562144,-2.05261629849467,-1.3186410729612,-0.258296688965772,-0.91658914386522,-1.11531193923229,-0.0877109624508909,-0.789758022659358,-1.02039117256056,0.846606074820132
-1.30587566031906,-0.846845243002652,-1.11682575926473,0.114412785490751,-0.0461488155318259,0.137263097043098,0.132624549098146,-0.865534993673305,-1.15342704236882,-0.928801308022615,-1.07922654361199,0.290483779269867,0.757808322353868,-0.267190387855869,-0.425252609878743,-0.598179362506434,-0.784095341626021,-0.651116823837384
-0.902931499432928,-0.827313505960103,-0.646167445913163,0.611138038450542,0.182532677687894,-0.301724263806535,-1.06516665841474,0.0246744919396277,-1.65989493156732,-0.734797323103222,0.0705309478098208,-0.888866239300502,-0.854947148862793,-1.9065534326663,-1.52120036942089,-0.116418987205488,-0.522448904590045,-0.18412460221859
-0.119858687908165,-0.230380285261103,-1.07153275173247,-0.141318194284218,0.125127549389314,-0.350604188710243,-0.490014402106085,0.784566538572282,-0.009430923637508,-1.26114952869276,-0.607804010650326,0.27486704849076,-0.923370398871144,-0.240893623813126,-0.705953089139973,0.0933364562106873,-0.381850270033929,1.19533170027989
-0.284717754827448,-0.857265420558427,-0.894077269899403,0.759665308971294,-0.987854197836276,-1.77196149983853,-1.89261236115765,1.08564292397156,-0.957589705221346,0.0885540236934761,-0.0208791179786241,0.0482310906209406,-0.708013781755715,0.831162487095029,-1.16332020203345,-1.19308557533605,0.766424166979342,-0.433323652250519
0.43817152451622,0.52321286167957,-0.0256717673778143,-0.104665764598458,0.708730744772049,0.702439188700398,-0.364270359802752,0.861506126951608,1.60058941721779,1.22665981401633,0.694613249631339,1.6353031706742,1.45632400817506,1.19649736046081,0.0432764678398986,0.990775484941643,-1.29954425460488,1.17946427819178
0.279267086749493,0.26586510462994,-0.275950563528071,0.551845086038578,-0.390042283031721,1.18599937815089,-0.151427838848873,0.982930737402224,0.233103645353537,0.730951638327846,0.818526687863687,1.03455612251154,0.807210550088193,0.294099714715479,0.537208508725585,0.907551022702322,-0.724939676062316,0.366410638415736
1.16576055389901,0.877913127288106,1.26638629725708,0.359309742119707,0.118701636663368,1.73634838356121,0.764663169969227,0.786340562954062,1.14025785670256,0.804434299123866,-0.682920010387091,1.18523937321088,0.713686702309555,1.37698381789254,-0.737282968279692,0.321322635764358,2.01038702840987,-0.602578442018242
0.420754225595607,0.231511940213267,1.13006333898462,-0.714341680594848,-0.763739234687847,0.95569643416244,1.35060682582436,0.268582159257794,-0.204720483310126,-1.22533156042509,-0.663955296116668,0.489043475753743,-1.20333712682813,0.263636603395046,-1.18014382212552,-1.27828448679009,-0.539432142051346,-0.561146318982528
-0.462929995754479,0.250191819726382,-0.178668742543319,1.34751384605464,1.36286614478434,1.07413823243198,0.609760662045401,1.46537989931048,2.4667334717281,1.16973481987563,1.29042315346003,1.37871883684392,1.96594240637141,0.413136559844715,1.47716771427272,1.21320172090824,-0.910053343017827,1.56700893202454
0.353203405919709,0.228457846877001,-1.05318517748263,-2.21884465665048,-1.24397610266207,-0.673698767568615,-0.121506566176143,-0.682321460588109,-0.609212959732177,-1.51728861846219,-2.35693399493257,-0.611234108116093,-2.09169714511683,-1.07496848454717,-0.682120622297588,0.643184440808613,-0.904412398883753,-0.0115844584875578
-0.659314006019184,0.450180223488234,0.136525370093563,-0.0852191940571145,-1.00567213008424,-0.650137487476031,-0.732217732928477,-0.300263372769796,-0.0795279042044644,-0.0307082615809948,0.183850630049207,-1.39830358741824,-0.671923666535994,-1.80665006597104,0.481993144865431,-0.450037246737181,-0.169955780838225,0.119622150776438
0.360807586274822,0.346113444940317,0.674511689256061,0.597329180316799,0.181394444382492,-0.38153889414524,0.367882906505342,0.416490591693297,0.752449111511084,-0.206299228816715,-0.154988449872845,-0.0199495935179335,0.871213468174665,0.441021243025981,-0.214622150064485,-0.390649085457864,1.8507457419985,-1.84260754125511
-0.237622373312409,1.45787978836605,0.76316984063296,-0.64956190028979,-1.65198364138434,-0.638048111736334,1.26467653950805,0.659967931984373,1.01620177375101,-0.926865247302296,-0.944058984036289,-0.305884063918136,0.424401855641407,-0.171959127248526,-0.103758158839237,-0.532014696362252,-0.0575803241767386,-0.483700197569724
-0.530130006565503,-0.0654343271603856,0.425418322324349,-1.40775305673363,-0.246901866519962,1.89708010115809,-0.671118410259724,-0.999291713443567,0.131410966848165,0.694804861153284,-0.611488425151474,-0.672148692147377,-1.0030160705113,-1.38368935657567,-1.0204615270685,0.29159428563714,-0.927284242899555,0.499966110784056
-0.601243449653729,-0.267750631436822,0.350995402440278,-0.493609127574482,0.628998270462021,0.00390429760904811,0.0113857363640775,0.108943821074382,0.925775919178093,-0.984411949518424,0.508497315086969,1.3003031458393,0.133041855576756,-0.3345610168369,-0.229032920916082,-0.672461264345444,1.14553039651419,-0.714906880647043
-1.09733474295514,-0.288205546331017,-0.4873863042796,-0.605949230500485,1.29258413019373,-0.629665324575434,0.556257985952976,-0.0357725065277695,0.00156502052778286,-0.566273093969326,-0.751315232332192,0.0412176394075581,-0.169130450606901,-1.34631687899168,-1.13694824478748,-1.59913966449572,-1.09235981855189,-0.375561169601812
0.597979816309211,1.22824681200895,-0.998262328165621,0.55874656570863,-0.258861259122261,0.247074771963887,1.75338870549752,1.24621323095629,0.689724422377191,0.592485913625087,0.163774119428798,0.657448078836921,0.821908572447627,0.263431677494389,0.597644797303521,-0.718147977244338,0.759946876842812,-0.342518077254545
-0.257483193208355,0.781478706712892,0.311000002732864,1.4809505063141,-1.08886665001287,-0.985711708356384,-1.9485916591178,-0.0992571207091759,-0.928139299825621,-1.06170136954527,0.272910338592088,-1.80716117747435,-0.261253765966037,-0.0765058225118914,-1.33023636418394,-0.773364621825846,2.54102829936337,-2.697938435355
0.251653982486144,0.330153879462817,1.03268174008961,1.18493731563353,-0.777652042738553,-1.10817285965511,0.480963394562775,-1.44498023314504,0.0812604219168232,-0.730487636600195,0.318907845640555,-0.41402683652988,0.195913185523346,-0.0173412301172394,0.444405940814638,-0.358926520673409,0.784721210598974,0.225227855958946
-1.03191159307091,-0.64764041626954,0.828654075690354,0.0933437182304022,-1.07489799007382,-0.135742450424876,0.400812085464689,0.361803911391998,0.090543668750885,-0.706563240507368,0.461102311836427,-0.109262529565034,0.714412214482424,-0.78069503720513,1.61204003559363,-0.18666032995224,2.04145421926089,-0.917271216253391
0.0169635047483559,-0.828429681782126,-0.366484401180245,-1.69627161004235,0.35358353724971,-0.315287931801119,-1.54911372022307,-0.445239528099362,1.17273021266098,0.776868142340258,0.122688374630253,-0.997201526505747,-0.769424408142565,-0.524202207150848,-0.675601739568563,-1.12685297347401,0.313044780114558,0.678518370502057
-0.4150277224597,-1.60798001436722,-0.715986856802996,1.08521551497797,0.581432675547138,-1.01239305598482,1.95696376347404,0.0739258279730475,0.728016143041688,-0.459466143910574,0.795143552116266,-0.1737044912246,1.63475873674441,0.932686313475783,0.975196889134742,1.40843432099433,-2.87696629428723,1.17604570864241
-0.219309389061674,0.775037881683512,0.730804485295387,1.78394448570738,-0.0878512230842334,-0.00693121610199514,0.33917862263876,1.00479640846466,-0.609869288925487,1.32473895588219,0.461786906332313,0.245235491942977,0.695238655500815,0.533140923814947,0.9506113142476,0.186357639061784,1.35796953394111,-1.20076866492183
-0.0220483158445226,-0.289095211725654,0.574483890277531,0.823939787394137,1.06908722296801,-1.43706779512505,0.00310909446400303,-0.635731823003908,1.182358924572,0.559490192147806,-0.987923809353028,0.863608180474135,-0.140050511615011,-0.254811055904181,1.30393293090231,0.237085476086857,0.722672466319748,-0.59892716377956
-0.388306166748322,0.0474069305685311,-0.402697256269932,-1.31424673891065,-2.29493581705141,-1.06083544802848,-1.7604143859454,-1.48715290711462,-0.618052150711388,-0.424743943030708,-1.15641642830347,-2.700089268997,-2.43337583809322,-1.84381271947084,-1.61994286110775,-1.76063747092096,-1.14863802339297,1.58029355316029
-1.04015067948631,0.349774980159542,0.756291443047293,0.607648533962591,2.23251826728109,0.634556361839312,-0.00551279467940649,-0.0747839404307565,-0.662705663799223,0.529470668035597,0.0530964830458341,-0.165668048979731,0.0421663040561561,-0.155117130567996,-1.49364756003302,-0.351377153238315,-0.304544975719684,-0.0860920215770943
-0.0504160209998163,0.324569420713312,-1.73276409277724,0.0397240637603545,0.678012721456251,1.75889597594063,0.219292445027331,0.456033831157961,0.287583825924643,0.596381135276773,0.963401395070964,0.560956356804744,0.379371611975391,0.147418553161148,1.51619041028931,0.465124373289098,0.178945755228908,-0.16618121683527
0.101735812191873,0.391638880969252,0.657094001805872,-0.117210320001369,-0.922038295892729,0.670078679535745,-0.243627344432081,-0.625112727414686,-0.57208809338637,-0.518899449511399,-1.7927851702865,-0.378460387365342,1.15010697474231,-2.28368592165429,-0.126381292268433,-0.513164000735427,0.211734461391863,-0.015106294565337
-0.755231301704213,-0.50639536113135,-0.876780622284697,1.12414764382404,0.242514189859058,-0.492458131079503,0.0535689930736555,-0.0585994813122014,-0.629054584447262,-0.135715717158219,-1.07695878357045,-0.113934218945126,-1.28212384139884,-0.752340301832423,0.642222393557079,-1.87520181264706,1.35329928718862,-1.25658906404088
1.10398079833307,1.74071214300983,1.43693042559076,-1.63318653815202,-0.660165811502911,-0.822598544520246,0.508254806655434,0.953874560724066,0.419840686296385,0.398933866460873,0.612234336464732,0.733773609545197,0.548725808296822,-0.296345469344623,-1.53834554477368,0.871650237990023,-0.015502163221233,1.21401431722108
-1.88716640202185,0.653716192572738,-0.349765959167323,-1.75089486692773,1.4557185946397,-0.157086787590151,0.0285679474849571,-1.07306896170131,-1.18329556575353,-0.869500236285063,-1.86530236526778,0.570870298371748,-1.8286792740753,-1.40836397383821,-0.763197154420154,0.00117353397291683,0.0601133312148168,-3.04146443295606
1.15169452670023,0.0284020130758904,-0.212400342599552,-1.12570276136137,-0.117790888512431,-0.758999436527752,0.808716662401848,0.603210861504336,0.324878140346214,1.14847314295793,0.103697044182424,-0.35843086962191,0.151420418171211,0.0449272137745429,0.0963564188774852,0.945303152623887,0.754761942784969,0.0470265440219941
0.966715184477122,0.358319550564573,1.32193760183205,0.889136159712415,-0.395407389279772,1.55297084675896,2.0167019081649,1.01795599978657,-0.374908564203846,1.7601797846418,0.419189368270032,1.89939501043012,0.469227732035561,-0.502493456698546,2.58131597043535,0.465811748248259,0.932935856311352,-0.166230366139181
-1.46718860078733,-2.45370646919526,-1.85404073090811,-0.786482918875136,-0.371957776014322,-1.28006408022989,-1.54133945980083,-1.61562492219515,-1.9975205161917,-1.76881500725063,-1.20023584810434,-2.26014416966385,-1.19177773194214,-1.10597490490606,-2.17936426411357,-1.87657098251145,-0.0960263385270501,-1.61891943772019
-0.564401763698536,2.4203482188302,0.160454329329044,-0.405812931104782,1.02944591888749,0.22172580304574,0.994341634885493,0.34978091121567,0.640555759346222,-0.0571235414540186,-0.262697378314867,0.384432225055363,1.30057483045855,0.0963793160556115,0.778857283427696,1.01224147185247,-0.0825802814402238,0.82301984940983
0.83122968466172,1.01412728332464,-0.287465032919866,1.26038529193502,-0.321916963137049,0.184746230917259,0.218091999638918,0.632625959140619,0.841349092683528,0.666582445805536,0.433726788831956,1.28029169048649,-0.140616234933276,0.911129163800221,-0.505741495898412,0.433544741903198,0.903713496090829,-0.462119201422643
-1.70105416528157,-1.32499109657881,-0.95052476364778,-0.183150285214259,-1.57237329327726,-1.24016454293483,-0.532891275298849,-0.244010159627756,-2.03504725221683,-2.25231552476324,-0.79131639878539,-1.50520649551175,-1.00451434718375,-2.05639733038806,-0.868949751475612,-1.6521909240839,-0.818903699152036,-1.27105647967775
-0.463581079241019,-1.712567946931,-0.564008518913256,0.656744113782757,0.115459800345563,0.381243438405864,-0.381417917999236,-0.0186591168031481,0.425750829773005,-0.711089620098943,-1.69245345395875,-0.842697720176654,1.28499037843554,-0.355313554286193,-0.459197588132914,-0.485917070544393,-1.68420790246752,-0.5059059887839
-0.0885999285342972,0.318430195708057,-0.195698088496947,0.728384297412301,1.39280575683761,1.27957894219305,-0.233746277567665,0.697318815533806,1.30595242710692,0.103653133326822,0.154610182050464,1.37052953855439,1.50176330160498,0.186300772132965,0.86844155812594,-0.577672937958878,0.7579898107387,-0.213318252379998
-0.52444628417903,-0.455743494762198,0.259585757586241,0.43418313745466,0.315838462344847,-0.199563349384357,0.973485649492999,-0.860274367907455,0.765779971657294,0.473440528167939,0.693771751950099,0.0612298394169119,0.871917665067505,0.389692844116727,0.00683417430634117,-0.183755839513147,0.565546706600484,-1.53443764851414
1.27619618519926,-0.408585457623948,-0.0712342521500434,-0.0682969069443572,-1.30129897242967,1.74036851318282,-1.99350606234778,1.45203131441904,1.81451690133398,-0.263873833943444,0.263219182431258,-0.149668481803115,0.00457311719542726,-0.284179567460956,1.08076759072121,0.0951410762685663,2.41429075716485,-1.15767241124802
0.622629044026606,1.65973926702983,0.878941386418695,-1.05561791014109,0.577009645219103,0.23316189202543,2.16546903896827,1.07033332188682,0.353771170826727,0.187836046753782,0.964872510471484,0.987398808821758,1.19291443966245,0.322238280425876,1.45908313745703,0.647983116365878,0.35939039073896,1.05823616684795
1.00013118152917,1.05350419017979,2.09331441987501,-1.73555741306271,0.698169925981447,-0.199226375267332,1.70209632225507,-0.0562580679716238,-0.184353367240718,-0.105731695738622,0.675848385597624,0.258301208435369,0.539358270117729,1.24485899685349,0.787406560854123,1.36952742728014,0.238967040770925,1.3728854338749
-0.167954322525372,-1.11204078921253,-0.852030905783983,0.668890324476081,1.10750828598856,-0.99657567285954,0.537725412208649,-1.18052373139812,0.00369314899816616,0.142177944502755,-0.573681225361587,-0.282240847141505,0.391183652566023,-0.460454174922358,-0.72816901790139,0.462951020671112,-0.295864325529171,0.0695107273595582
0.562456777725903,-0.489239103795209,0.431680925413189,-0.376026582149999,1.0996129131298,-0.707617667310961,0.542297287898459,2.07342058680899,-0.182832949979741,0.392518098618532,0.709431646201863,0.0751256444032659,0.175987765205431,1.40159605186895,-0.486799313468273,1.70832061513421,-1.27811245999515,1.99862369606054
-0.13335730467214,0.0372328539846488,-0.602191336084698,1.06195014359374,-0.559805913692245,-0.221221872948808,-0.46487174936935,-0.86959002038261,-0.302815642429487,-1.00095015378153,-2.12924762826133,-0.840733427464805,-0.906503527153777,-0.868185640715874,-0.613492651119103,-1.19987760044248,-0.1646054328751,0.205221552104284
0.535598174008236,0.687411367889431,1.40435959392257,1.39532332274926,0.806752926704466,0.415750871308118,0.0847534308557024,0.772624121060048,0.77597623718909,0.435043459861162,1.47361956467139,1.15400943375864,-0.519717811151254,0.818110039558098,2.00397397865564,0.451348442254465,1.43186922086442,0.141036903297122
0.390884119599838,-0.0615819427734201,-1.4770194192714,1.28560508750349,0.651102292478674,-0.330688573700211,0.0539333484492288,1.02610108126275,0.949809624800077,0.449612021337084,-0.0253079275464364,2.07616569342613,0.295786496614648,0.79922485427649,0.836105281110193,0.766029344828309,-0.206007223639985,1.17506564735501
-2.90223442138965,-1.19383240363393,-0.142687240642783,0.366108544127366,-0.0837312916951277,0.186084851362606,-0.564337051569281,-0.0510140924563175,0.555293380477214,-1.39051699713975,-1.32123511992786,-0.33618560350225,-0.0786831220221764,-1.52472042043918,0.239644821421456,-0.833662723441295,-0.595626675180785,-1.16262462396408
-1.04365185948809,-0.131652946709609,-1.1301863448782,-0.464303478275757,0.609170174895618,-1.14410936027928,-1.03783993868627,0.522475652912979,-0.2362551950759,-0.341966211581023,0.095062765866181,-0.626467237813676,-0.41823407261399,0.926367683086591,-0.158745929183318,-1.38487929877295,0.948262758374495,-0.438807793035082
-2.07582370427238,0.458887791843726,-1.95338852974318,1.92965711975405,1.03063834370274,-1.01166924968853,-0.200677664480093,1.72431973686833,-1.22353581958063,-0.678905710839106,-0.337348887167084,-0.0213464122431362,0.728563467895953,-1.05018597095089,0.931206471962865,0.45221161954772,-1.86552135433517,0.365971798212694
1.03186120927153,0.356573948521258,0.582386456066236,-0.65559175109803,1.01333422064627,1.45145735759579,1.35506428772809,-0.829239840315569,-0.556197429710989,-0.383121928178608,-0.0391670565360892,0.100779463349018,-0.115912895572782,-0.737057526627643,-0.474273008244788,0.163540814336795,2.003412757585,-0.0394099385120199
-0.544240417553698,-1.00851391049716,-2.20206625058276,-0.662831092399937,-0.241429545735096,0.099529332101147,0.268358810304824,-0.681909039559656,-2.00032050114328,0.115974795576223,-1.57682932512488,-0.421993555829273,0.124741185592452,-0.97446464508413,-1.62510795199237,0.0464832466369622,-1.12531987234002,0.229297577799318
0.209245855958636,0.130336294541102,0.299241009115067,-1.18037655370669,0.0748586892425036,-1.54726776987771,-0.401703283804235,-0.570368090626267,0.863163726631291,-0.802923013475689,0.29259615556799,0.943185148093835,0.165415851682589,-0.178709872594919,-0.723488484400684,-0.337924173942607,0.710361284705189,0.0201641042125731
1.51961601694244,1.0070061255112,0.861978023498924,-2.22994947747379,-0.528538230104288,-0.458405337208108,1.30139510607826,-1.19262922014691,-0.848501731164295,-0.720474914756186,0.388682331692978,0.923874907757496,0.203199198351239,-0.30887056746615,-0.138206670674288,-0.361967742872227,0.713847556866094,-1.39843324299715
0.604261847483831,0.377655897957075,0.940399123811048,0.241602948103548,1.28193458634427,0.221168540653484,0.801759657128799,0.975704323414662,1.10097269529719,2.09462260406615,1.19119269908247,1.40363243768386,1.76781245174395,0.762019343215561,-0.233459955459354,1.46896742064805,-2.37640804947863,1.85198273957438
0.819138820552109,0.50493199478602,1.06109803043455,1.57655332454875,-0.317068974920316,-1.0487865092929,-0.279102862647633,-1.02299150334198,-0.201242397300441,0.52496072702182,0.625452190584516,0.234070254164037,1.48677330647442,-1.75150868553863,-0.213131325333527,0.35842355101934,0.149483485632977,-0.16991768286752
0.0626481374874042,0.300272172862502,-0.775077250391468,0.989443347691644,0.199813227401147,0.795706486101705,1.97251651136299,-0.674438424543344,1.25671448801545,0.940472013199435,1.32086505913575,0.695330026397577,1.3863236832528,-0.014912937147693,0.092627179115664,0.698351330550747,-0.652091085021962,0.294493898692107
-0.0861352127419049,-1.41929805697849,-0.457287402882775,-0.452415855383524,-0.546496682670192,1.15664824185924,-2.07124104335683,0.849060303196527,-0.826932541804462,0.838986507148148,0.784931661328365,-1.16243382850098,-0.53301840209609,-1.14774760978958,-0.109123422455079,-0.405614043935105,-0.293138957572236,1.56870269047448
1.30056096138471,-0.394786495550054,0.0505751900870008,-0.448924792786943,-0.245449997191381,-0.394498068429457,0.542181401933529,-0.367048332565323,0.0842906572636051,0.362073330790975,0.627918156849806,-0.0212140934289576,0.579285682674744,-0.248219989085057,-0.686441215553936,0.160464827343904,1.07380829669952,0.244230745336577
-1.30682543169216,-0.726388732330864,-1.00501775276997,0.736183179727478,-0.462971502249775,-0.610358633899584,0.543779495943174,0.228939331710739,0.300033314769897,-0.78583986522782,-0.24116707630057,-0.0583299472334058,0.309729744649492,0.0812271674539975,0.638989336260369,-0.114002385107321,0.0083347948938175,1.0475664449702
-0.315504822285363,0.578626771831267,-0.420422980021939,-0.636183708942649,-0.302758304285583,0.422357098429079,1.14917159465808,0.262479619387387,-0.89853421469324,-0.341667142180544,-0.0748760047440142,-0.763042575155079,-0.864899679485891,-0.41682644944816,0.496359112293928,-0.984818599114214,-0.355634662878059,-0.413812002251058
0.131529120664967,-1.97574856318225,-1.62578374212009,-2.0384897439933,-0.567069347368131,-0.633146133924307,-0.688948342685631,-0.235585597362142,-2.40443266105733,-0.325400314569866,-0.536161503904209,-1.37038159674569,-2.22369588950814,-0.80116214545271,-2.05113658319718,-2.41918148855142,-0.521154681292416,0.626583823106904
0.0890525197222081,1.674633992362,-0.579521277645421,1.10271572238004,0.0806268482091958,-0.616792800642118,0.182785851513016,-0.069847995763674,1.48282412280178,0.217937324160472,-0.592524800956618,1.83718350023111,-0.291551028859149,1.23318851077681,-0.440062550852244,0.683466332428556,0.152535069772156,0.122413644106554
-0.136800353226369,-0.167525533334113,0.847813757209291,-0.185242294180577,-0.261180268188318,-0.06671426047035,-1.10242554273755,1.07881215532931,-0.927029481336556,-0.7884820309659,0.399248877710794,-0.780634263831338,0.251350905907021,0.372423563968248,0.329735540302522,0.167266476617867,1.63172828766667,-1.17454339313604
-1.43208465953271,-0.198966192493643,-1.97013951594922,1.04266421781418,-0.466568935763845,-0.578006181540634,-1.17256634953015,-1.12062713533719,-0.618530975423136,-0.943353126307542,-2.29526205812928,-1.25581950360114,-2.84744092067727,-1.08493401925855,-1.87016499177033,-1.79681221999342,-1.5541839760875,-2.30952225470248
0.800914916788905,-0.793943746951717,1.25422258173007,-0.394776884921698,1.08476089077493,-0.789832429037101,0.569469441753401,0.530885117374703,-1.14232463201133,1.06920880740665,1.14642162856534,-0.455376578287383,-1.06505151864589,0.613612293085228,0.822892426623556,-0.604454399939787,-0.353589513595568,0.624100609412994
0.476351131281126,-0.00166753700808183,1.58175516476769,-0.864044890993015,-0.798208137612406,-0.294818899209659,1.49320147010117,0.61107230350517,0.375944271393674,0.330337800663119,-0.433349325373031,0.256169638942316,2.26319606448017,-0.212424278845857,-1.05394628697195,0.153830633801364,0.427966377666003,0.753381155453758
1.36682005259259,0.609007031021366,-0.85790415833862,-1.02449215766231,-0.146158401190124,0.893820707724252,-0.425384471070213,-1.25379080256128,0.41746238066272,0.834430068963221,0.295473511703308,-0.881679289992385,-0.325464760586883,0.836125520850438,-0.936897249557482,0.601525898473258,0.481082819403108,0.692437345839933
-1.56507659433298,-2.83923825577884,-2.16753037821594,-2.57829533265711,-0.349991092416264,-0.983068055216844,-1.06461324642831,-0.967397953193725,1.47578373179571,-2.06810346773231,-1.13516820576681,-1.16748948262487,-0.14502750480983,-0.206421174815475,-0.00923875299864592,-2.14622518489622,0.630288764745089,-0.29898834772867
0.703642336253003,1.52558290832769,1.01060665082051,0.106082454627729,-0.618534294157925,1.39497721520172,1.53124390010637,-0.523235729590629,1.66134757306565,0.746351818536618,1.51115498030922,0.519091476400776,1.92448118494366,0.970972690465726,0.464781865707562,1.45555377549699,0.644900548507412,1.22294284780785
-1.10989543689303,-0.581755604439819,0.895665024192315,1.78296049031312,2.13455852157546,0.131510229561042,1.4458231911533,0.969733075350382,1.27289995959082,1.65680491996115,0.661401252571733,0.465133836996508,1.26801990934621,0.65845693043771,1.06021738760619,-0.0744386306950089,1.06268561549858,-0.862785337252233
0.922391731029573,0.589783944363438,0.214533648311849,-1.37697752615936,0.143262150590245,0.139073774769541,-0.562694730319897,2.32753720494781,-0.0448372562583221,0.51604235055273,-0.666377997138394,1.6238841713449,1.56617035647281,0.641634013904176,0.249133171004138,2.18326264599501,0.783686867379336,0.655267664597007
0.218195550698519,-0.290191934113665,0.268741324110042,0.224197293259525,0.862154099066583,0.404635026137587,-0.0172324500095247,0.0468763873070704,-0.482382664497853,0.272327224185042,0.754120462447568,-0.419625432520894,-1.07548273097777,-0.506826214708375,0.242682004977751,0.224328756626013,0.466879423087998,-0.242554506752393
0.354620325681618,-0.319511580141581,-0.690131034628534,1.17317095670101,1.38025851133941,-0.893403702850576,0.998265390803191,1.16488000481049,-0.831025146423955,0.443419101667806,-0.0865350062558899,0.452868008119807,0.755484374381142,-0.322412001639523,0.939131214642632,-0.169750256545146,2.27617379485914,-0.87690647672014
-0.265283851038738,-0.658135734112208,-1.69185912673183,-0.285227595680574,-0.700786903613378,-1.40425010353984,-0.74473987845887,0.0965071545431866,0.848470909777739,-0.305337896144121,0.285824610216845,-1.46989497255532,1.70866162738978,-0.948364025717624,-1.31981900185016,0.0395960437313644,-0.37335470164425,-0.313914705834317
-0.851442379794945,-1.03032357182379,-1.24055581549858,0.0378399349987745,2.29133504969616,1.18660900553406,0.937778067382599,1.87815727931907,1.28000264866603,1.25911484210252,0.650163003973225,0.407531974986353,0.815590235285214,-0.306561108122894,2.02431213935158,-1.20977328592242,1.64942113869731,-0.868535240955287
-0.404228269890925,0.436950585282623,-0.21147113060527,0.485196589104062,-1.04651665194612,-0.139871276473038,0.424633851359757,-1.02143369227388,0.994769710186921,-0.49517740691458,-1.32878673433585,0.00207522404505295,0.92097316432605,-1.05251585578899,-1.12883970338204,0.2020970104975,-0.775926897580723,0.602823050349827
0.755727493047544,0.425294654846532,-0.604925499739718,0.364255661487485,1.44332026879533,1.58249192813416,1.03437246404976,-0.293927712824809,1.1122317160063,-0.301183176725305,1.18157993042395,2.59228347659886,-0.0139592395258711,1.17825282856046,1.93697671812382,0.808078612135141,-0.907257684006843,1.05216390316521
-0.953995392547139,-0.548107945817326,-2.49857575407478,1.30691182188974,0.712726750834183,-0.266402298954587,-0.100973807146311,0.882508214391529,-0.359871314212429,0.382775047177972,0.316461774632196,0.0577258749230619,-0.359015833593761,0.232977355030358,0.310576963152234,-1.16233066399531,0.477671508251238,0.341689070618421
0.0914383775460567,0.806217804287049,0.562563251979688,0.267989140816739,2.0083843078821,1.73514024856435,-0.208491902268622,-0.850509918255612,0.902062597845781,1.67126354262226,1.30651766721757,1.0360123751434,1.10424791364343,-0.693297607350077,1.89565388077722,1.33534102076983,1.45081420245231,-0.0171332834047939
0.919521533603627,0.407461717701115,-1.05730282311348,0.5581584280829,0.509671923827581,0.915163526224158,-0.0979712996560434,-0.453524075786417,0.330653994684555,-0.997215727842685,0.0539590530862552,0.170414130683338,0.680148197816702,1.52068040912991,-1.36879552207096,-0.771536709614633,1.95548716142578,-0.274049348543804
-0.209440400299829,2.01897063442408,0.129084547992188,-1.31736636852269,0.493367440099073,-1.37082591617965,0.524838864927511,1.00126328588379,1.08552265134444,0.736817339520152,-0.0186050675542345,0.399539777481171,0.12937722105947,1.2738317743466,1.0434010727011,0.809622434834393,-0.052867798351841,1.5627662777031
0.131896721376756,0.971432716991108,0.0628424765409698,2.45451753980037,-0.0788551418151056,0.786611106727817,-0.106195043585975,0.774579286296722,1.09191385779505,0.265541803831563,-0.481214459648622,1.00145976956296,2.07764545042332,0.448371141876105,0.210802038373983,-0.0937712563290228,0.249744720142124,1.01202043096477
1.86755718255892,0.539034286869341,1.09858384104725,1.75126981355295,0.387888282614182,0.137654605581469,1.24149482102503,0.97509003284796,2.09952978906003,0.870744239199808,1.50309391409556,2.482496005821,2.37862431461599,3.05844919728053,1.87347255943909,1.27753287811402,0.833379730214899,3.03668717110669
-0.143751219915796,1.67442377702016,0.392861296836338,-0.769262287699935,0.411582528015573,-1.28477715837584,0.437903462871723,-0.753271141484017,0.95125811303254,-0.860596231902005,-0.578608549006505,0.506776548440271,0.167861700182031,0.259391725811736,0.452225936352881,1.17139621817233,1.15712625120327,-0.572242819795316
0.648569998382093,1.93278967210705,0.116696746870852,-0.273944309055569,-1.33844732850311,0.0433750129345526,0.457433563330676,1.35895571193845,-0.13214962363976,0.0144009014263794,-0.155082820935054,-0.0230439715738436,-0.486434936046323,-0.632383842503223,0.333204219549864,-0.417807625998249,0.00963035642379725,-0.0243238270782096
-1.00256993206176,-2.40442253605008,-0.32282497068402,1.1310991451892,-1.10762319700184,0.0257642734084247,-1.71607046791934,-2.67223711448343,-0.97018011533481,0.213469514104497,0.616130640912588,-1.47947965622255,-1.33012707987958,-0.380490794318835,-0.303719112019293,-1.51538344824078,0.557751734619511,-1.74660058875473
-1.80230027380266,0.604005760667261,0.0922800126959682,0.147037318765053,1.54064347615502,-0.487201754805931,0.844810624268076,-0.829735915441888,-0.225400882980095,-0.870266201358372,-0.484521088173575,-0.197080855136434,-0.127051123240435,-0.267662542745178,1.09888951955764,-0.277922463695533,-0.643157577835023,0.0824202271944513
0.526704540373358,1.10837679288406,0.514127438760344,-0.286838719122674,-0.214664194016747,-0.727020187976646,-0.305608541717224,-1.25624267625159,0.63444891586021,0.098661589806994,-0.170656744121458,-0.967283422409798,-1.18213886103277,-0.0472158559185818,-1.14085458640802,-0.612650493947866,0.812413042319412,-0.214674366076302
0.4335798209915,0.0421969277258471,-0.164093065810809,0.934062734426785,-0.350911977091159,-0.784132662526736,0.707390661865451,1.4944133695962,0.0125754894787014,0.838970652847194,-1.05872633061157,0.732257884626815,0.207133558989298,0.563545731667843,-0.00633198863114944,1.55741320142833,-1.28909212905707,1.38295657495721
1.28486784953283,0.206448310672683,-1.03785851165368,0.359157106734315,-0.114097440643497,1.22558689891863,-0.809723680475723,-0.373198006481137,-1.00966489778183,0.88300162128176,1.24724940956032,0.0841462313691185,-0.842692656144531,-0.639477827667989,0.0532644730898168,-0.0247602070627117,0.461255055932326,-0.101603416080588
-0.181779929342903,0.293286147605996,1.38333311040792,-0.355472197867833,-0.190301922756527,0.0528555848670741,-1.35541377997462,-0.326548974268573,0.536240022059831,-0.204867212936528,1.11953013742841,-0.0959864864255802,-1.18292454552712,0.584660389744559,-0.485859779767161,1.27390270111966,0.285962705442145,-0.159652432040635
-0.537405591852071,0.0585704320192103,0.502736278973697,0.674339561178932,-0.304948651631729,-1.59654157791622,0.193592613887335,0.236207395018503,0.337452270589525,0.374783130355425,-0.269035812052544,-0.875865489906507,1.77812412914865,0.514058670694627,0.998090298624924,0.588076063774854,-0.0653820781933306,0.370644775244894
-1.14592679876929,-1.21966521816495,-0.188781520384696,0.378677550973292,0.998342661837324,-0.949518381800462,-1.49516489859238,-0.868809560152817,-0.53236961484461,0.781380078139228,-0.719906113832329,-1.47902429315028,-0.783822080896031,0.179774758190589,-1.04620156329081,-1.32289926446758,-0.54615281823992,-1.36944629191742
0.381373899784404,-0.259366809901992,-0.0851693913948044,-0.211997736292629,0.408958162709878,0.0225096483877112,0.324464766279706,0.0794068239297357,-0.646610388233053,-0.31539505345164,0.483652731674813,0.4286193917991,-0.907337454579726,-0.155171263989045,0.669649665404198,-0.32284953337551,0.207750439094427,1.16805799039137
-0.232175317518117,1.42494462965265,-0.412509799888943,-1.40374428959356,0.847244622465293,1.49987996183009,1.5809033224716,0.725045272713794,1.59265397045373,0.343746081056435,0.460662225373187,1.51318212629189,0.76680698859606,0.937402673139184,2.23321864268863,0.956580013691314,1.38307027456614,-0.956271294152023
-1.78741469463029,-0.30972751384547,-1.13502706382808,-1.18591420304648,-0.54372051861234,0.276817917965211,0.204051710780932,0.00157739094063832,-1.12365750697145,-0.975106229099522,-1.80548807205078,-0.5664881708166,-1.66899647797243,-2.44263356647866,0.408234604528781,-1.61596204972825,-1.58258649779885,0.433862564996456
0.407552721536387,0.600935399690654,-2.24656613926355,-0.489572603758118,-0.271711831245029,1.06986233072999,-0.389903655410446,0.125376778727236,0.645261588910038,-0.763175553666785,1.29696028892298,0.449396042890724,-1.36249000267181,-0.523544502408623,1.4371966029152,0.229029526900086,-0.0719175823699006,-0.0668671345870655
-1.90299736537037,0.551938888675484,-0.729287303844227,-0.424532452011129,0.964254801206795,-0.0741832087229154,0.0580915106124796,-0.132110217921961,0.0831306170874868,0.80953908222241,-1.62863218411498,-0.733542391069733,0.423013935748301,-0.252725222788896,0.990292443645043,-0.6255951688457,0.0619373817685931,-0.804085424779885
0.398900676946047,0.00233728596975372,0.783069148016112,0.111593656547321,-0.477479071064129,0.241318032514919,1.7095983623505,-0.802583665772872,0.531553835709677,0.51189067835544,-0.935622462457508,-0.386334300476297,0.383610550700158,0.590310462915318,0.540688486045312,0.381512157680923,-0.214781964579668,1.61945013035369
-0.977515548895795,-0.731569211656512,-0.203206463034192,0.376950922837989,-0.729026894397678,-1.2865441238266,-1.89675350158241,-1.6033522426152,0.652992216561019,-1.00056849019536,-1.18268546609765,-0.732498768153893,1.08620893038636,-1.50558068921879,-1.15844977726364,0.244259732374113,0.442430151960047,-0.65140340014696
-0.29819199476695,2.74602203118775,-0.117810987959009,-0.705172597276055,0.533977932957594,0.864787163221614,0.616105362023786,0.692069795312237,0.471087251718501,-0.382995498279073,0.419298870127391,1.89590394543722,1.11041901030515,1.61873606406312,1.76732413993331,1.66206396788852,0.468689738169705,0.0382827357507062
-0.321413001045295,0.0851207523790021,-0.905256501858239,-2.08727621088438,0.158348535214114,0.0894990699370562,1.22799789696293,0.759409054812125,1.05252418390644,-0.509773971058768,0.218254865939429,-0.367776114106378,1.41192890392103,1.13411797231575,-0.381700172836156,-0.957795849999621,0.572628226569163,-0.0322660661539126
1.80593347976956,-0.756142357989041,2.51361935249882,-0.741819773455524,2.06236525527202,2.47257400873924,2.09680065612186,1.57140088748173,1.42005386601288,2.29194488862684,2.2399063369464,0.766680963752091,1.02298784023837,1.10061171572687,1.25701709167123,0.253442979258511,2.53995408558092,-0.749121881600753
0.0445182230462332,0.497390593260891,0.50828673777615,1.6869872213382,0.809754877657291,-1.39658326539759,1.17699504962139,-0.387406720653841,1.48466310580907,0.970545936127974,0.55094351091562,1.0634333505873,0.909101682556169,0.0689811741345727,0.491520455688476,0.498275481612073,0.481136226650074,-0.632292605675517
0.835737387696048,-0.353677111406083,0.467579483426887,-0.855305860965834,-0.00818870864253224,-1.7592521369669,1.43781817726552,1.57938532055459,1.35693813272212,0.267578240539862,1.66725719179142,-0.459245770212156,-0.289815649701495,-0.636601116551282,1.10396127815153,0.676955402596544,0.440455889273035,-1.41304843571964
-1.51584227721828,1.06951709967901,0.0323118685602586,-0.396980926459914,0.0994902713658904,1.08215546210708,-0.796333699809777,-0.698207450816276,0.418258424682811,-0.749602617763264,0.464075035364608,0.255609304650344,0.626719683898006,1.271945732742,-1.22999226898752,0.873917102830273,-1.08582727693936,1.3551257233066
0.643331769726193,-0.74493191350129,-1.21648520630996,-0.958706793595358,-0.668740396568861,0.739407927059572,0.267319221822334,-0.90379624209429,0.74289373217948,0.953087167026999,-0.942339725963233,-0.814199274341963,0.607227501453541,-0.250709593334216,0.00162032577873299,0.643950321228886,-0.2570438928657,1.90695578313688
-1.00364082988833,-1.00049638898061,-1.22955676327464,1.27342078943586,-0.00645238549893814,-1.58306024061529,0.364998597340767,0.661309027868926,-2.1347432075985,-0.31347037634615,-0.297847088052784,-0.0811603769575177,-0.485042875124158,-0.482781519968229,0.466191171331737,-1.1613247632785,1.96826983847801,-1.68765645007555
-1.27357582810256,-1.66356283976666,-1.99285092115843,0.536446080051021,0.0187396755440808,0.181847922416884,-1.01078589190267,-1.76476309918583,-1.06775421907202,-0.60348310333685,0.613337565285016,-1.33267783228404,-1.95686698354673,0.0758878315086577,-1.81610182874643,-1.34174459203572,-0.570485913636334,-2.14823013051218
0.82204197668252,0.0492725351854772,1.03057205655666,-0.549539820368842,0.417021918475378,-0.613669887688881,1.49566629319988,0.804593886516377,0.405343062436432,0.379602989501268,-0.0120638774880416,0.761038141445646,1.28283755965426,0.0442573635579313,1.6350441834972,1.59287496522862,-1.95932300451687,3.05678222406156
-0.0803731449038931,0.271995163166768,0.253174405629683,-3.02470690502841,0.0685081648443761,0.125894196782821,-0.335035550222138,0.68233797041402,-0.117071433946488,0.718523494418842,0.17714558391157,-0.0819452902649296,0.31760473389833,1.07450142012064,-0.073001195631615,-0.641768737626271,1.0462051560013,-0.692051643456222
-0.355922368092397,-0.702105068068094,0.467464551008349,-0.67037518260919,-1.16072327618193,-0.290216068849128,0.348532536739534,-0.668265675690502,-0.426308450283134,0.0038859184305207,0.145482564124792,-0.636499317465513,-1.90819617133259,-0.511485527500782,0.353206334328637,-0.467934070674293,0.322018649645244,-0.333417874499165
0.592386554021497,2.07373198970041,0.8094510019208,0.163449103548178,0.976093306347286,1.01532142964684,0.915598409243282,-0.118545962960312,0.346535031511649,1.34593991531821,0.542470729330884,1.94689866596563,1.31573886523396,1.23430373089179,0.882357260429898,1.83934609165243,-0.563664383814597,0.811057465815232
-0.098267937832658,-1.29707532313019,-2.37742104890546,-1.52101669126407,-0.955932242652106,0.0239201533797398,-0.372662412837288,0.124340482949921,-0.14397952394774,-0.724547898286073,0.61724985838397,-1.23034713610905,-0.238513329057143,-1.06620630451453,-1.25596462335712,-1.65757614157,0.0864464893566476,-1.19685588895067
0.651875819164043,0.914865111680399,-0.500638425970697,0.626266258730597,0.253149118246542,0.772581927866874,1.04796619056411,-0.941865133728198,0.566526344966732,-0.452088953892864,0.105193016883299,0.571270245108498,0.702075325314569,0.564473863299892,0.133002981081246,1.85311639548545,-0.2308531590679,0.683669318232576
-0.929788446707972,0.381940495564459,-2.03825182459667,-0.982335083497788,-0.52287359387562,-0.499279508379334,-1.58257857768929,-0.572060341785907,-0.869224337194065,-1.35664437115666,-1.61104290188143,-0.267352293186716,-0.863635275799076,0.442930579161263,0.462741462001435,-0.118834427248332,-1.43952739590687,0.618767513000931
0.374046685246,-0.523644167596391,-0.562168276267366,-1.48649812145329,-1.219204424076,0.306055267126806,0.968493284173711,1.34780116984457,0.200176288489082,0.151583704176089,1.2031130631962,0.00947630920429593,-0.00314964210769697,0.499988827085823,2.559849471248,0.631362327539038,0.837998205158128,0.507195172727965
0.932577603024076,0.189546717912579,0.086774387729747,-0.74977701328958,-1.27014154089774,-0.831223737910079,0.149754944161838,-0.58034242822948,0.231166226147476,-0.985694914259943,-1.31745122128521,-0.134061345766532,1.42744551751243,-0.155566831639579,-0.00200199441775637,0.627818007050609,0.260572558726678,-0.560114071992116
-1.28132622381077,-1.10824466971733,-0.818387168632846,-0.314191199435804,-0.893273625026809,1.10759708037928,0.875581550856366,-1.07765546184865,0.581516008193842,0.0859094726442106,1.0312605583364,0.0835274081238005,0.131975102599695,0.250179341839906,0.109922988182997,0.817389663550232,-0.993459430070419,0.0289348786446249
2.10038180216529,1.56536998009496,1.52351722837927,0.299965462265533,0.293021787883398,0.141282375928877,-0.9573165477079,0.670391194415908,0.359277106912383,0.728789890971239,0.725848173705471,0.679464251608977,0.0903632148925031,0.526693901063725,0.699025201107474,0.906342360616896,0.174866530296136,0.593549040620726
-0.468719901921382,0.223734136526871,-1.44865327328454,1.24468526900437,0.770431483050592,1.18936639584583,-0.706300628472278,-0.0357712092180181,-0.829373800906263,0.0903230599853082,-0.200896582187815,-0.707954402639285,-0.969852840560869,-1.14182076304474,-0.9063174625661,-0.90415215026744,0.0664107953522836,-1.51648202906699
0.437805282785104,1.76917809977766,0.0084806441869653,-0.426600971922982,0.454471450742093,1.34617469285216,-0.374318584074527,0.765646439767657,1.19823364051573,0.998464900504703,-0.668233046242977,0.989659826550551,0.801055803742458,0.0665184401242683,0.0347275294906375,0.64367834241143,-0.451217237291814,0.856155467934243
2.1860244997086,0.893528373801235,0.626822727987908,1.75770939581463,2.12778480590546,1.53808509316577,1.31108309553569,0.306829743871174,1.11083097210504,1.50455441041371,1.31236425827582,1.77134593752527,0.483967898504116,1.99021583149807,1.87665662118282,1.0208152050161,1.206207552431,1.60794221968025
-0.419396226287614,0.513170028024265,0.11134215078968,0.332397691199971,-0.563627431200488,-1.8669581992791,0.53982706062089,-0.80894276739066,-0.474775657401258,-1.09746505101392,0.577635437249646,0.583563916484472,0.275002517580692,0.153995881702995,-0.715655020742738,0.0199692269877281,-0.672409066132055,0.00273740278504333
0.0833626387500643,-0.918678198773151,-0.351499284874832,-1.66530502089448,0.24991761758558,0.653557372447695,0.935545441329036,1.37763992843795,-0.268232162422645,-0.263513935137419,-1.15146443770886,0.578854784724212,-0.160489813065289,-0.407691081052408,1.33938654316117,0.439780899306378,0.0431043277469803,-0.650462688225984
-1.69526707750016,-0.392711599986324,-1.19900256328859,2.3013294455956,0.41790827393211,1.2156777490082,-0.603874892828081,-0.163109852425888,-0.705102418879954,-0.480541586759397,-0.673707538334074,1.42135919600964,0.749230866793952,0.357903725022373,0.37532056225498,-0.173425636604737,0.987221333567556,-0.575158232047533
0.183481056246537,-0.0309021877974264,1.55550482125341,0.302101460645644,-1.42052192171102,-0.65575449659835,-0.774732536883218,-0.367867806247969,-0.478567491228546,-0.549124502666766,-0.0519532162161329,-1.08725458897857,-0.73840495826705,-0.450234998030093,-1.02130023085666,-1.36035774617089,-0.362173417831277,-0.347940719157744
0.718711209577626,-1.09226850163998,0.447695145219594,-1.8777510561909,-1.51286364834224,0.0449771195598242,-0.2935480544139,-0.630144888179968,-1.2747080160499,-1.25051749554183,-0.735421276232394,-1.25149623920663,-0.25404692952898,-0.571505435247355,-2.01880546654205,-0.97759731196175,1.43595274242919,-1.05919627830103
-0.645235310819804,0.849463034988789,0.254346390403631,-2.70433345760716,1.6129601115227,0.00269191557525874,2.50720253981523,-0.953280024373426,2.19695023503905,1.76622302451067,0.907172939311297,0.0254511283546573,0.994682860626185,0.923174919054783,0.580265629059965,-0.200034900421185,1.11440856260876,-0.694023607852274
-0.0644578497453728,-1.99197494614929,-0.148964062086854,0.144015246498561,-0.642175761337832,1.50986423512278,1.14519669633807,0.0837645696798471,1.83775621313916,0.0109594716915571,0.134597483223272,1.35303357423516,0.791565381013969,0.726416675627734,0.454049362140129,0.72159508797896,0.458223785001082,-0.6927281873915
0.482942049576691,0.195389342188824,1.28862182113444,0.118972205978861,1.10321997788957,2.69374648110581,-0.0431343559926958,1.38294879453987,-0.070540288396973,0.377525393639743,0.370467404154303,2.06208448873774,0.994760312790328,0.33968484014439,1.25446021590871,1.16993292497789,-1.3265948544831,2.0097709677441
-0.010491448952618,0.715944924197047,0.199027357823021,0.866353962958806,0.244291169265598,1.83618243736537,1.38242256042727,0.866128985653117,1.76346954649348,0.59413951843339,0.436005727682826,1.10513696434258,1.66112675460015,0.291206267518212,0.731217079433186,1.03610671148416,1.42587929649331,-0.0166643041366227
1.45298547961383,-0.301811475072829,-0.0233363980347827,-0.500528373169351,0.478406048791747,0.533875855045192,-0.0123783720123764,1.59670374063136,-0.141481462992541,0.655689840976104,0.234112999771808,1.27007464441374,-0.144681845816773,0.980400650357132,0.0745576346146467,-0.917353170631008,2.40097454487192,-1.90133104721422
0.190293174309045,1.9228883869256,-1.35607887172993,0.838279445414623,0.541616898457573,-0.538724963055781,2.31506443009775,0.516219697650179,0.812592705839862,0.168936707916775,0.891390613035222,1.26246336088163,0.981905159991771,1.8525374505609,1.78269211532917,1.49908493277175,0.749696581397412,0.64880971391771
1.10005345362363,-0.306426056644088,-0.341576408800113,-0.399109352285072,-0.91795169114698,0.43401178804064,0.432168478133915,2.97011323127477,-0.187192994935116,0.20100776932379,-0.502115114760063,-0.333021458327909,0.294741997929354,0.0518968955552687,0.228010311491514,0.663052011826278,1.71762434610751,1.14404169386684
0.379500606695325,0.15616187089338,0.188884197805418,0.819067780004102,-1.23091987953382,-0.512759471953835,-0.264583437975745,0.323992971919811,0.766290461453861,0.0961689775065178,-0.731198535372178,-0.070344743678422,-0.344995506264598,0.780445416134059,1.16426382479205,0.744993940533526,-0.645541301055348,1.12836541316421
0.51467692289698,1.51526976863844,1.5751442912109,-0.094302600913631,-0.172591356643023,0.595997370828656,0.971704459468393,-1.20484153617989,0.860244574838181,2.01909563409611,1.24062222787585,0.377924865097868,0.938740636485406,0.609310200011718,-0.0480065279012918,2.18565042493266,-0.635906878827903,1.46216038487066
-0.212948367695227,1.32493026641851,1.37997785886509,0.254526627233255,-0.0587158534987687,0.452360108445193,0.606718218891554,-0.262823881192453,0.322121543064972,0.337226325053341,0.278529601436425,-1.04159729417587,0.18865315016595,0.323414506799192,0.764155028573557,2.13670543216768,-0.194021369605622,-0.353674283279549
-0.206838971800631,0.0577093050465295,-0.894513112111548,-1.45791389817466,-0.290624435149786,0.381634260477327,0.690639867262962,1.30041420989725,-0.833321106728864,0.967116595567093,1.26578851637127,0.923305855690423,-0.652134198728117,-0.284541758401812,1.9508539652961,0.810098194293091,-0.126601175806621,-0.0871135839097537
0.843405108653649,1.54248351514303,1.16083513128359,0.157939511572997,1.13594221105477,0.175225054288248,1.3692453394047,1.86444407766205,0.763836309299567,1.50912721381473,0.939762822372141,2.17836844293813,-0.430870545885733,1.89235546307201,1.83970886022876,0.870871119207767,-0.0117028964467128,1.15905120808128
0.884981550582512,1.66576709416735,1.51518298697789,-0.0159658126661548,0.702327928797682,2.22909550423268,-0.569481999259856,1.46015899285723,0.991875319253196,1.73991335948882,0.692237301965551,1.90202668032933,1.21143571603768,0.692815311038992,0.0420491323040668,0.0853585668831272,-0.558273247714991,0.335266695019977
0.949961452487273,0.556578915324391,0.355089831060776,-0.104879037151216,-0.437644857928098,-1.02567275211581,0.746646079438712,-0.170565063485492,-0.358269336852529,-0.642158128143999,0.0614988053285855,0.39436731257238,1.06772745648608,-0.266189427129849,-1.48595776014457,-0.315758305274776,-0.887910125529746,1.06053991811273
-0.221879637274083,0.584860275404299,1.44272548158113,1.28951916116074,0.283416621444781,1.37255096642022,0.263096537561823,1.40253907805389,0.347325225293987,0.658563548927186,0.896714504378705,1.8870297478861,1.96311361050099,1.26148411113411,0.995651682196328,1.12822813888599,0.25345560272784,0.0261800723770117
-0.318796610634005,1.44841086162546,0.0575874948000566,0.0031384633157865,0.279936462394707,0.781535946625936,0.0624028024245738,0.935237569770605,0.176956147793922,-0.375924652845609,0.706874439204477,1.41678362463089,0.295642440110132,-0.0348821220604051,-0.320625853466745,0.531789108357689,0.283976804345917,0.12955254363137
0.560404913753601,1.43588239561658,1.68917397296263,-0.545681167249252,-1.34437168657778,-0.691506298940452,1.47954111929902,0.952027426556876,0.187397071564855,0.307482781479283,-0.402007461948122,-0.184857857823497,1.16827489403303,-0.487445149740038,0.061195992994689,1.48408719834781,-1.56345833090863,1.944663385265
-0.598146612339133,0.246245794941764,-1.58629517995147,-0.499471741066194,-0.339136374967971,-0.37405361914101,0.0818229675198982,0.45228006923531,-0.382819939750396,-0.655476559779848,-0.267962906909925,-0.686443988185385,0.17584376255063,-0.191474040436759,-0.308450861392023,1.12485877568057,-0.797171493733818,0.487733075345082
-0.236037988187232,-1.04632047322069,-1.36875757590499,0.170683464534572,0.277108323255037,0.371835547640209,-0.409582654635424,0.399494592278731,-0.225248088862823,-1.01817436520014,-0.373377256918869,0.431804781236777,0.0771944733961523,0.815261350828867,-0.200160872012811,-0.794999467585329,-0.3341706622179,-0.0816596157817238
-0.710623385803413,0.036428959026646,0.796045031026341,1.31243656179341,0.884276465400016,-0.108940329516472,-0.738939522122272,-0.510800414335983,-0.42628295128518,-0.160733529572895,0.115253540433503,-0.156647032276077,-0.14767621879068,-0.295929390553541,-0.665597029163584,-1.0901918703911,-1.23109762166282,0.781726297125485
0.297067723900109,0.449102548241533,0.480467057135329,0.592045932557279,1.03967984242632,0.0306294261761779,0.465776277848851,0.564418572393835,0.0165630212680034,1.58098436433584,2.60542256450496,-0.309641307146179,1.08114590387639,-0.449051594957749,0.727254020825147,1.46957120974133,-0.587920575555451,0.330459430377959
0.886518874037019,1.02091002959434,1.47986478702437,0.380241958338337,0.688417457422226,0.414051576531762,0.632307225399751,0.773613839247734,1.07874753761992,1.98308618119551,0.78595507400971,1.15231190905774,1.08741018454366,0.522780292839415,0.799105436388493,0.78089198826182,2.23347829223647,-1.5845172558089
0.594845592355908,1.15624505378953,-0.0833653408218503,1.20171742769025,0.346297852372491,1.11906183455718,0.375636420648251,0.107731206853966,1.65953745199632,0.721289274844552,2.31270608221296,1.09531013955989,0.562159369438012,-0.603265555661841,1.59331833016829,1.52377932975421,-1.52886626438911,0.756661671336203
0.358339519927895,1.12206871904949,1.78218162449818,0.286871152443728,-1.01125797574146,-0.551048120199011,0.0651352908093582,-0.437025729432235,-1.77773503777843,0.973800296753767,-1.15302060869878,-0.545161637274996,0.766760087200909,0.0622287061154545,-0.137456019107137,2.1600125641435,0.241351105524442,0.549059573962374
0.439651792231575,-0.774855233019749,-0.0372314814400488,1.13628062712241,-1.03730232907737,-0.11583423749993,-1.79271971888792,1.17657055526121,-0.660397934754563,-1.01935261245245,-0.753508223808049,-0.431511874535813,0.979450541301406,-0.0920304248624622,-0.21542173653887,0.592443087867117,0.401694025893772,-0.676048077546218
-0.173494405707867,-0.725514458590286,-0.380775472410466,-0.168626650092764,-0.454907603305396,-1.02314115413429,-0.895942202819668,-0.650695914436034,-0.0468588293202597,-1.73219533957231,-1.55210721157331,-1.03526512458425,-0.379425413953873,-1.50621970725005,-1.97976594376425,-0.33737054226136,0.651798983035587,-1.43048638787768
0.551130940885519,0.470898303448055,0.534206441285295,0.901146918617592,-0.239493976505264,-0.262036567131282,1.28505220210528,-0.39281714216011,0.890886585952736,0.470384766847577,2.60731299779945,0.942413635617341,0.593143676379913,0.71242006940698,0.40906703294643,0.954667518296917,-0.654071285816614,0.621274389443247
0.24125817146352,1.16575779419601,1.41236377963212,2.02510193460203,1.25614546224934,-1.46257786450094,-0.0216052317985321,-0.257008093847492,0.375424501480774,-0.112621655940647,2.16234084106255,1.79486340854495,1.2161139914092,0.185882046543282,1.21629322569245,0.305578411139314,0.995554849852389,1.43439397802683
-0.0838526152154755,0.0626912905385449,-0.311786986229959,0.320295934561672,0.77061687263064,1.15520264650394,-1.32262462053924,0.676449783000541,-0.929802804919059,-0.209378084678766,1.29128686986356,0.0208931037461564,0.19580023371819,-0.272258898619677,-0.723669682617745,0.41006090266593,0.837181956518662,-2.12126487193677
1.03823604771035,0.346415606416608,0.435012785970039,-0.637284447822935,0.651817274352023,0.504503407053932,-0.0626527071003569,0.883320496323783,-0.949507164667924,0.627898289427519,0.374971676691849,0.0108738994773081,0.931880364057341,0.571374383163915,-0.0112065268240698,0.671523724469724,0.606838126580352,-0.241283667728172
-0.203242005120804,-0.93391902895823,-0.65034639119057,-0.406648169831504,-1.71698990491601,0.425596017218022,-0.948366733548591,-1.32219320540395,-0.991458731465398,-0.874563871709767,1.07478937274674,-0.0226484907492004,-0.934137179557492,0.0469106521128426,-0.526214162391314,-0.636267913591103,-1.97314053599251,0.862879544187572
0.508507583676358,-0.805961478049818,0.421538498216132,-0.732027917375553,-1.06368873535729,0.433069597991747,-2.04462338910569,-0.385180653681342,-1.56363702818306,-1.16186176893344,-0.319052086552303,-0.0458382468408578,-1.74033463660369,-0.65503834522011,-0.484922888989582,-1.12776581821436,-1.09045521064388,1.18689490836037
-0.67398840708865,0.5726126532596,0.343291948917141,0.334886707299284,0.00787572753004864,-0.574820259856982,-0.472349149071082,-0.748815343167813,0.507453845539643,-0.705953999359854,-0.202813892260378,-0.598982368397294,0.229373910756612,0.815882190681894,-0.601013408134928,-0.208711931848684,-0.246240014043828,-0.483174371849844
-1.00078623402509,2.29481148773709,0.267472231916417,0.169565241981199,-0.092281109803768,-0.989619316585349,1.47316714915181,-1.54914024361977,0.536094677649485,0.180243803755452,-0.703802035585347,0.166139979452859,1.6199116198651,0.918265919052732,-0.421790002829983,-0.286151545268171,1.32869461131291,-0.314752489857845
-2.15250104590674,-0.167144493174126,0.802124380819842,-0.644873136208757,0.531878246728905,-0.823666989622857,-0.781382137935732,0.0926980803942136,-0.801923772538887,-0.897720613147622,-0.999383001163746,-1.36345471275262,-1.30619719391007,-0.922495929031263,0.246037664765836,-1.13942101465322,0.35502660721653,0.825825991940071
1.45446549462577,0.450572370464374,1.2531472565918,0.172395125435842,2.76526142984717,2.62769828592132,-0.840367604528008,1.27470980064496,0.571794365465462,3.49112996329041,1.97929901689929,1.9452404960392,1.38409572664908,1.89504737940446,1.07603539641754,0.531567372233724,0.640928097991831,0.952843419602431
-2.15070908582944,-1.97963196367302,-1.24172155006065,0.401217108886147,-2.20405077485651,-1.0620042037011,-1.44580040595008,1.27408974250431,-2.44875541465044,-2.31781636071152,-1.45645152575488,-1.58961638763647,-0.77092186485951,-0.531241472067045,-2.27614283118,-2.02411809358058,-0.107785704643513,-0.692082108550569
-1.5062486643609,-1.7660538844396,-1.31986112734125,0.699630280064871,1.07511506778504,1.07445158061661,-0.786512980410918,-1.90741090336514,0.11120570944079,-0.374126365834664,-0.0295516259274141,-1.04647050490551,-0.96173925016245,0.343491367569505,-0.244259408988992,-2.26337339929735,0.693244502885745,-0.275808025292012
1.92953558075846,0.0533996931247467,1.82650403494469,1.39187639721699,-1.4011584163707,-0.350395822834731,2.58384184904224,3.13004904506411,1.59215106364251,1.26307295071454,-0.022827474829565,1.71703643596123,2.19266752098139,1.3823077838407,0.983953782063639,1.34612063568283,0.175177670913003,1.22126619903922
-0.555244101664877,0.665874763760052,0.819992344792154,-0.588376528039422,0.535521658370198,2.38276836980225,0.473661645642206,-0.6050037249586,1.84390331255059,-0.599597224668851,-0.0589419635437136,0.178612079855189,0.229333304033916,-0.0889308925795751,-0.162442337907562,-0.425435695987209,1.8295468594545,-1.5508578064974
0.181662656551602,0.219512181659128,0.0852515540056326,-0.230508750023352,-0.468339104856373,1.62426187184718,0.252615072879162,-0.0833216649045805,-0.768240624832443,0.230061545474197,-1.30111589413374,0.742622569532205,-0.136342027326494,0.778031758015333,1.48510195687355,0.199349491608263,0.539581968132647,0.581506156051613
1.07487191583994,-0.54520498965158,-0.147532368522022,-0.536939492215875,0.597692712707297,0.761546688926076,1.62936146220825,-0.174114831709693,0.761159210484439,0.869474695140218,1.07218255625515,0.502858012073462,0.928674659234923,0.380077584311267,0.317972080679973,1.36781104206123,1.40987014723027,-0.222555584548678
0.885136495118456,1.16129381793638,0.250355712428061,-1.8796818703562,0.0856413867113527,-1.16751079121414,-1.1325659334234,0.672518074157918,-2.45088643411263,-0.483207160149095,-0.36744326809296,-0.756327951795915,-1.52598175769338,0.991075141817473,-0.505118270372621,0.442214173509888,0.726142739173629,0.29024447570471
0.839711956734709,1.77342914138355,1.28174380668136,0.588640989174942,0.976209998944697,1.0350035069493,0.897254248580137,1.08004999084285,1.91687153362376,0.763324779266441,0.723552398261653,2.96589908743039,2.2582284736979,0.743371048156819,1.23105240687763,1.36276003958162,-0.135562725915699,1.28405938727428
-1.87227725551179,-1.29210427468773,-0.408928756521953,1.05716408610412,-0.823312122589686,0.936811535273123,-0.636997501062485,-0.484536803296195,0.0397887564129563,0.558131808361655,0.963203232632351,-0.361449684101998,-0.49352570563961,0.777291014352349,-0.334118364405138,-0.0739925743001845,-0.190496931682119,-0.316796808512334
-0.346136010869669,-0.660017080828979,0.341603992236573,0.449621064211387,0.104190152234032,-0.991413536192582,-0.396128530779557,-0.874192743212602,-0.726976541023897,-0.171043415877562,0.550942924653299,-0.0911291245331454,0.532695393785888,0.410915638937224,-0.59853461554883,-0.777988945089501,-0.190035666132497,-1.21618508176675
2.12797633571805,1.85541190046626,1.89885920512966,0.617226754104713,0.0457417714747786,0.643631680393663,0.89858914040286,1.03505924738792,0.177343611418931,-0.849028374176026,1.35693183835542,1.2725093185295,0.0695101786433749,1.00411648889697,1.7042519831249,2.48537829984843,-0.236554241652683,1.77047110202297
0.851294360236603,-0.134039949014953,0.0145112985501335,0.182614566638275,-0.574437540479728,-1.45556010796573,-0.937401746361901,0.515080347280277,0.723789630042589,0.56188482206858,-0.454972234182476,-0.293058987478571,-0.176527372809568,1.02726171731379,0.514235313131328,0.556152833895182,1.21016131809112,-0.480718290788548
0.505848642619339,1.36453844728588,0.694862518846096,-0.142860157976756,-0.245715412487817,-1.47287251579392,-0.652748788419162,0.567922567766908,-0.484398623409979,0.318991065722322,-0.51694982719282,-1.19418043951128,0.0104143755141301,-0.876993563625166,-0.927546792759444,-0.058672417798066,1.74982922609944e-05,0.888392519058582
-1.15313655597602,-0.570264502968037,1.356062993989,-0.622623139821195,-0.204679088722098,-1.02701134607027,0.342340491395934,-0.361912146006705,0.90909768735659,-0.0384165820971745,-0.105176196236132,0.195692364730334,1.0854572620828,0.687499805804978,-0.0578614538861429,-0.229791410622761,0.862492272118289,-0.826869318422845
1.39444964139843,0.787705040225985,1.42616939504656,0.364235125877288,-0.328533564506704,0.199499540426474,1.0477010388012,-0.304655902007828,2.41741523126806,1.4406810839619,1.60995504663123,0.845333309493747,0.608018821796887,2.97024101095885,1.71150667879614,1.56694510760009,-1.05240358367794,2.23962657645096
-0.533002227496899,-0.671998405552227,-1.33401112180487,0.303973552886018,-0.525086382303182,0.058681138478833,-1.57411573999816,-1.01586216556266,-0.081709440224425,-1.31213448650637,-0.448277540752313,-0.869020078758106,-0.820294489330683,-0.369010248544786,-0.865635003972749,0.721284241605531,-1.2331535434578,0.306560689130709
-0.24525533217807,-0.0815078013220373,0.631695119590794,0.845412828446882,0.355257196761778,-0.956684464665154,-0.445319794336618,0.379659391567748,-1.28689604657887,-0.0157953691031134,-1.41155544993863,-0.6926568451274,0.612819584511442,0.846653537088527,0.271687537710547,-1.26586263647444,1.06017737007856,-0.675231462301302
-1.02336721879943,0.21546355459291,-0.944516793343489,2.09864856546984,-0.352959652448167,0.437521642563833,-1.17639829227117,-0.986383267432976,-1.02316206284771,-2.09880476384609,-0.636499455798549,-1.08266762250665,-1.15742503251031,-1.15818257368214,-1.88625450367435,-1.0761503615278,-0.353014187847811,-0.262825626659647
-0.0871626285404723,1.1647201239664,-0.276142564271413,0.162781749485102,-0.681247015646928,-1.28864407022667,0.528052812259441,-0.673421926866885,1.46329793859419,1.54948201368505,-0.387331553645498,0.422867798888888,0.970209043427687,1.85955242680459,0.0693066540175232,-0.111546851463829,0.430227048617847,0.441456791547454
0.554480611768109,0.482049009536009,0.69599867546528,1.11065974669768,2.29711488132429,-0.880762421447951,-0.88622350356435,0.109146867351399,-0.101484998288933,0.98106895499769,1.10149417558043,0.699770751491757,0.573146051767942,0.194407736370358,0.201591638600683,-0.582735742609111,1.07312573745336,-0.123363068409573
0.95659114478897,1.03021159409138,1.00297430972855,-1.54573120174718,1.50350471384819,1.23440541070306,0.656209918979694,0.848048289331121,0.796631098945215,0.397333949714839,0.290416034895781,1.31916137516064,1.5500317047259,-0.0338424424755864,0.444078749252291,1.08663056097658,0.586982339579724,1.49852410026051
