"Fitness"
9063.69807821566
