"Fitness"
9503.74110302838
