"ComputationTime"
1587.53200000001
