"y1","y2","y3","y4","y5","y6","y7","y8","y9","y10","y11","y12","y13","y14","y15","y16","y17","y18"
0.485735011170326,1.1001761269834,-0.591599515184875,0.289453332475863,-0.574286209176785,-0.433139190377533,1.7604909965328,0.0157257302797173,1.56097047273241,-0.248470270611774,-0.0362976684842265,0.921884914319146,1.50540375318102,0.407381048403149,0.654016391072206,-0.439700657255599,2.27045816987527,-1.01852936878214
0.372683975574037,0.565766988322289,-0.199575478584882,3.68338130175144e-05,0.858498439009698,0.345705067368828,0.238201098981649,-0.543761053476031,1.8101563424934,0.318682652152876,-0.500056832729986,-0.990114583313551,0.662871566292295,-0.739414246674083,-1.90480316288676,-0.0594311271414457,0.237217115522843,0.43455386223737
-0.833273859872688,-0.544378210611488,-1.35339745135562,0.612541324547271,0.301698502081108,0.04232487814473,-0.0337348719310749,0.536000925661791,-0.333972101419414,1.06767918858292,-0.332125034808443,1.04522509845177,-0.877566043186548,0.703911574351363,-1.20170069703562,-0.315227711369672,-0.383824322463222,-0.768445109287623
-0.0615402210227525,0.892391873571217,1.77301136643411,0.986448711123278,0.539313842143835,-0.939318847570098,-0.0499454265583801,-0.926447996083978,-0.320059457192727,-1.39182122621949,0.880158779531386,1.16177062480611,-0.471805660819109,-0.278496494777117,0.314771878596537,0.901991384248341,-1.27839494140072,0.345403177131597
0.684029538936188,1.0935816244129,1.73352366465088,-1.73238241029855,-0.649914266466267,0.875348575392895,-0.603644244924036,-0.0432858422153138,-0.64105315464136,-0.611344586005113,1.63851309080273,1.2079828886005,0.494188894971356,0.109417429561223,2.91970770551516,0.145816452040832,0.825029632486156,-0.659065403464102
-1.08779364079091,-1.53595237610027,-0.735737269961155,1.30698002588111,-0.362000765126978,0.0221088548708257,-0.410848062216194,-2.09155847525255,-0.795545580831331,-1.83321428328016,-1.55366706982312,-0.52117708670683,-1.38020724919458,-0.777379557764982,-1.93647256044441,0.0964925200844706,-0.664000093829015,-0.181939539345067
-0.324132586937646,0.582776249968016,0.415513515068334,0.225320899604615,-0.00333446905895199,-0.0059767880523235,-0.380670722902216,0.512022694714149,-0.494157625017705,-0.320625360588466,-0.279833780885035,0.603108952386567,1.23096276914285,0.54669227223406,0.29840910941137,0.0101394019023151,0.00384604808141513,0.182216136138019
-1.51861800340383,-0.609813574752487,-1.67385262555705,1.03083924666861,-2.21240810959822,-0.985585819793387,-0.454198317703378,0.424890573876734,-1.59221549242886,-0.612810009868339,-0.716004519076453,-3.53744518934087,-1.25439600576218,-1.499739092076,-0.830919318199745,-1.90305590110623,-0.494662105255374,-1.15907081902606
0.0440599481531822,1.26415947249798,0.00511377299334409,-0.774597039958197,0.837977739400733,-0.44898707962981,-0.847314725402466,0.810354330158181,0.173839865532897,0.405850372690095,-0.092472377570684,-0.312405558217535,0.93933817574684,1.50972985649016,-0.29256902460276,0.566651281603791,-0.137169090260009,0.740181322127669
-1.05005595406198,-1.37911701023844,-0.181005579424987,-0.229513490648735,-1.95120542820173,0.44816163445858,0.246130582347437,0.919997175656795,-1.73532513914067,-0.604386319843977,0.637931574920647,-1.16933189393443,0.236396207591024,0.109079244682931,-1.12520735427996,0.809002974194082,-1.87801085514077,0.427689750567679
0.734080737238752,0.466885888765056,0.0149772736224555,0.134990873185818,1.0777255173037,0.176955393411,-0.450708811947944,-0.573489477812029,0.840794690068403,-2.33001645072823,-0.46983240030745,0.85358830781577,1.06323126226484,2.11422457536725,-0.932249452898522,0.532583750374864,-0.5060798007656,2.30220010666436
-0.881322927318012,0.128368682145024,0.311654760689735,0.469475890586703,1.32684039483729,0.540666200207111,-0.0835016397439797,-0.386177016535301,-1.1487924213549,-0.37002899952563,-0.320451979230659,0.299666929831074,-0.214757365461293,0.311703573940693,-2.1211348263301,-0.336002101792664,1.87545515712214,-1.42654011305202
-0.576624285116756,-0.092806254821097,-0.11086888370694,0.174314847496862,-1.5129198261329,-0.199352168308027,-0.686503488289514,-0.557914305883689,0.136768751571906,-0.251645917104211,-1.13634980402742,-0.828271334936199,-0.527563483651518,0.18497777148975,-0.772439461419795,0.0120846536748346,0.27796720890474,-0.975344732248947
-0.191927886332763,-0.397463070498125,-1.01599066953682,-0.695795093009313,0.729303514282094,0.516173015217112,-0.553897769195387,0.435649644534993,-0.190505523967178,0.0253297482214365,-0.209418954207995,-0.50461310303038,1.31454152059267,0.564288494446084,-0.138890371025329,-0.583261571418543,1.1738106282552,-0.502418821463484
0.618405528195168,0.216459261273892,-0.513633632208648,0.522714792027417,-0.0469003028299277,-0.0349680255500703,0.969118778983917,-0.10964415033597,-0.577372374021839,-0.157837254921715,0.110139978946951,-0.707701044379133,0.3975871525173,0.870751681957799,-1.00033147830141,1.07732416539519,-0.373839977437621,0.493441168406929
-0.12902638813038,0.703775263155609,0.792235223757808,-0.782088062256865,-0.405745965680408,0.779389958221757,0.558529699632206,-0.334002602813669,0.359915629911613,0.489839513933788,-0.937323154394096,-0.540800264893936,-1.367111716097,-0.710216960289285,0.667362134508815,-0.898738892782897,-0.214152005409599,-1.77402122159637
-0.639731639334641,0.235517349662089,-1.38483034961046,2.83645232653977,0.132972723194019,-0.9207565018614,0.647982578053243,0.717781347077781,0.442742968942599,0.595569026151492,1.90095847691801,1.31199886532646,0.371614517715929,1.34887463033329,0.188271829140422,0.053869519731177,-1.08595929386729,-0.33454664481345
0.00489425930680724,-0.345711323167756,-0.767484106972873,-0.543936265879364,-0.653523817338255,-1.02118361879905,-2.12226231502298,-0.196192794975563,-0.212508503030086,-0.329096749491542,-0.522171950262676,-0.288902129277844,-1.11755598568187,-0.87019516009947,0.781076716967965,-0.0814517114670726,-0.497713862459494,0.843333546225985
-0.449323876598693,-1.06190907366387,-0.835866989941458,0.199974426354633,-1.73343022531722,-1.21311154248065,0.0375876034187284,-0.958306932569846,-0.202479292771337,-1.8707407753077,-0.718715870940704,-1.31540368210948,-0.314158752966461,0.0682062964780392,-0.593332253974633,-0.719463905294515,0.0584971691568852,0.73327723820791
0.0506965298536661,0.472491481012114,0.696716717591187,-0.322469880151903,1.12627097910624,1.35401993823529,0.985584671775234,-0.17252476624624,2.18607751734058,0.804685236581346,1.01575401583089,0.828288515758904,1.59815818915571,1.87812648928683,1.22692652034746,1.14517488542855,-0.85908205781859,1.07741853745351
-1.77486436330055,-2.55956724846851,-1.04430686491214,-1.78999310387612,0.629938876100466,1.056346366936,-0.859269253901391,0.848219208741164,-0.961538099379836,0.0624693871832857,-0.779684126064973,-0.165380010149713,0.62928100567054,-0.349435247251826,-0.251900973705002,-1.84936428158801,-0.755029075487109,-0.351213278365803
-0.442772728946512,0.110026813234716,-0.00737111001705506,-0.940674988446992,0.444405317636276,0.922654566439936,-1.204877503399,-0.664806215701261,-0.132631482817534,0.424314648770467,0.163812007492555,0.0133355326483159,-0.974647873685487,-0.178464139366148,-0.566514481208711,-0.431977501480767,1.13410702667762,-0.420449098595503
-2.0291166904192,-1.00817275043205,-1.00070081352195,0.229161243471022,0.87992583645718,-1.1564441861839,-0.889174267329226,-0.0970307023277513,-1.49549490124692,-0.188976873985205,-0.272014361208104,-1.43875595476756,0.163098434969935,-1.54267220377186,0.234255836957398,0.914652420219356,-0.134179991092417,1.11509138112704
1.10453399464118,1.84667987221124,0.546917588495596,0.022986462817467,1.1577190578385,1.7567594887163,1.18209598003548,-1.06812322897492,0.243015981012334,0.519551284031762,0.159495828773906,1.53199488133692,0.114362246787773,-1.25675951276685,1.42808806564717,0.449490837732438,0.424461235475374,-0.130142054070458
-0.185011709949608,-2.0985632705756,-0.315032540518822,-0.719534169125842,-0.495378064401166,0.443907483493681,-0.480710050442368,-0.266353282339135,-0.026358186774918,-0.343966700837715,-0.280606032363699,-1.15333967709478,-2.19109366599644,-0.508486001192549,-1.6652203412658,0.00654687303525799,-0.864373766315717,-0.681511897916938
-1.35434257996183,0.6751477290258,-0.301883322272155,1.29394534834045,0.195621064447578,0.2441695833636,-0.0793429783957778,-0.580392995622428,-0.409633633145826,-0.663752477193147,0.236084804524954,-0.973942761758699,-0.806159995951701,0.912482252513863,-0.800517099847278,0.564506899161287,-0.435359541531817,0.141132743611375
0.365032758635966,0.00866279578324714,0.131219168193216,-0.584595653973986,-0.32415294613994,-0.567431542814751,0.270877148516408,1.62926093808382,0.55661328755023,-0.254980811354982,-0.582332852749298,2.26915037320509,1.47171808680997,0.785852113463912,0.988076195645936,1.28277809115401,2.94215116110067,-1.71737453563004
0.626695842888175,1.23023788031854,0.960483766554795,0.343609062755168,2.02009180435353,0.403598384126167,0.484880317675156,-0.832467248650049,-0.22025613314789,-0.385800083293459,1.15459959474169,1.03374443941952,-0.863232336678569,-0.00930593507130554,0.541495519757815,0.329725472747589,0.442980173497367,-0.752106332135145
-0.343920880776567,0.523390145433563,0.24262035253689,-0.259819542203722,-0.309058788246454,-0.157627211774201,0.37577514486829,0.805676031916211,0.477145126146543,-1.30439950790887,-1.75744682679903,-0.726127342778702,-0.981937649937367,-1.51606037701491,-1.54247159854263,-1.79506046454486,0.296825346646436,-2.13286442947043
0.596927459353507,0.332788545428847,0.349142652237792,-1.60621303349958,-0.301762999254491,-0.495782611999062,-2.45233514604531,1.1338050258196,-1.68000980413036,0.23078915829236,-0.747854038325914,-0.321560559118641,-1.76239623877299,1.22580947857969,-0.794827656519935,-0.874076318777092,-0.290905429096044,1.00605659078787
1.86973020148995,-0.439578142508146,-0.174387759143117,0.657585215108014,-0.0888017635767154,-0.554601862595189,-0.167347967804988,-0.106701101611263,0.63662448270629,0.290949299118884,0.309047260152675,-0.0901934085145108,0.0798943558439915,0.768306943092,0.124574385547761,0.477965609691404,-0.178911515677661,0.0504984747914447
1.25473636791381,0.101746587361311,1.26286953755062,-1.34848090692682,0.181227273788627,-1.00056061128875,0.194776252228893,1.68075587052555,-1.37315532498636,0.162611774794659,0.401843843111447,0.217325741734947,0.765225941135004,0.815529335323627,1.29278958798991,-0.673369042234788,0.504711936018305,0.0967201371044746
-0.476793337871277,0.0722716696842116,0.696956029942099,0.648689287751631,-1.19486167593539,0.828643905174347,-0.928324476639084,-0.906083668891351,0.696790619073194,0.102614542397438,-0.680855214590778,0.959976578335115,0.619883940157531,-1.04290699163699,1.05612235158485,-0.832462879495015,-0.632431376799537,1.3127489690146
-0.339200127000523,-0.80377339598854,-0.0823167311851175,1.58434640690102,0.227358431436955,-0.0112898755363945,-1.07279481354963,-0.00811924657594055,-1.17290308589917,-0.366639418304752,-1.36612077249167,0.265334327575526,-1.08382010856396,-0.618411457534865,0.772227549602255,-1.45966491884403,-0.751655653739916,-1.76884987947428
-0.210123115595088,-0.447783489695833,-0.335380487808237,0.048281107539305,1.04060944184778,-0.49406146697673,-0.527911943563672,0.00723116137664025,0.87764546093282,-0.646741868467453,0.753097882319547,0.168967335299995,0.294569288834861,0.114472590008765,0.972464965806595,0.455570587441294,0.295785870243083,-0.633796678985609
-1.90739548374003,-1.12898567464634,-0.59552021927384,1.13556062084617,-0.849882408890782,-0.205398324839578,-1.61026504921891,-2.52926663565368,-1.46687941443397,-1.39758394498551,-0.124728007209147,0.00832775752188155,-0.284413452300541,-0.58202119990056,-0.416282504747433,-0.917183592595496,-0.269260152180741,0.199935565221397
0.792745527834348,1.24093636536591,0.0330990217556144,-0.471314677059472,0.209571008945914,0.339945699572622,1.36003072341758,0.4238435329551,1.59653749514387,0.523763631601882,0.985466010830895,1.39933539067824,2.09882308917064,1.31157046027412,0.782689203990509,-0.566655782507998,1.6009132323684,-0.405771878388088
0.375340375496032,0.717064728749709,0.0406060340781362,-1.43257749165308,-0.0496777882356436,-0.00970467981629252,-0.838317714510457,0.511284301651438,-1.06825130627701,-0.468261593437,0.0817271175475469,0.412139936803063,1.32859238773744,-1.29173360545022,-0.320912987046026,-0.590084350382158,0.96963428537305,0.25737637590677
-0.205444249162601,-0.465414772161891,-0.797312006670603,-0.190322944955246,-1.12380482981646,-1.57555400459631,-0.84106693655718,0.198146429980802,-1.3304466062086,-0.4660746751771,-2.96693819972116,-1.62763012526218,-0.291162590562535,-0.775552581391767,-1.57130320666112,-0.823176943313415,1.22056762462348,-1.90531416225663
-0.267709138291388,-1.42661281944881,-0.571974922996487,-0.932921471270695,-0.879304034107825,-0.804129975024746,-0.445382584435292,0.631052319463266,-0.602803862497813,0.00707869043899498,0.932341154096053,0.00916270805315498,1.34547960623171,0.462016344230257,-0.83204131363264,-0.523487537177139,-0.251774772652942,-0.604317917135488
0.882256739247252,-0.252360442025556,-0.690324491735701,-0.470602195476452,-0.38742379779738,-0.0873553866446255,0.223263450751924,0.228876885295053,-0.0855625209811291,0.93968463556724,0.361909849046395,0.800214164434539,0.154344736268572,0.25562573917768,0.606084213262143,-0.47296164222376,0.691355893327309,-0.440231384158081
0.931201293840299,0.437581676487512,0.544780885330288,-1.24247234360063,-1.35470498359993,0.728431624948126,0.718028049161783,-0.389031967684984,-0.381265469513631,0.158149896764776,-0.0633755965328565,0.170657924204469,0.47617330633657,0.993239462388591,-0.470192915039524,-0.117880423500653,1.13252859671248,-0.14543400861647
-0.302069759090863,-1.53926810910318,-2.11119355970144,-0.714567800227618,-0.219408670547645,-0.00644061589724258,0.656895771507233,-0.450189014258366,-0.0434780322966178,-0.147618831250483,-0.324851561507131,-0.0426910092089423,-1.27862066707867,-1.22402970200314,-0.835861865001017,-1.0533483167772,-2.06174085845516,0.0954317681886799
-1.48416856954388,-2.28779205430064,-0.657153018645641,-0.63221632304207,-0.00584348319394201,0.619477548416364,0.423585236557808,0.358719512911357,-0.36694478226556,0.198455339129167,-0.511642303268576,0.821113340138873,0.180576221449383,-0.0541322182263418,0.694781909581143,-1.25740321080274,0.248446101944644,-0.905219909873461
0.0855724954228525,-1.35819819737508,-1.14285465413604,1.32146214992072,1.07140693865259,-0.20394036382418,-0.529983998455028,1.141661901865,0.106092592622252,-0.235110793279741,-1.13056856110965,-0.277494846199102,0.295940409681753,0.715130694836328,1.14957296512554,-1.21635173531095,1.46035705327424,-0.694524038236843
-0.029124760539931,0.634981970910836,0.509471640799339,-0.146315345613295,0.00930183231359087,0.633245635007654,0.52972832079268,-0.191244195296307,0.411094662408956,-0.101751185294965,-0.206666917958882,-0.25635195359468,-0.186835337231319,0.169104264124335,0.121618819842341,1.03235625004769,-0.529779242775632,-0.573210106992384
0.571163652160364,-0.272376225355855,0.564820608150694,1.07572153810872,1.20291713648676,1.04875340270541,0.241044237898663,1.29499884551328,0.710907008684914,-0.0157251459258108,2.93978477373113,0.250329219608794,1.54457974747667,0.308913461916058,1.05572529212864,-0.804756913578918,1.56682667880859,-0.179128533684745
0.31149696004968,0.475840762011786,-0.365512989935582,0.26771967591029,1.25192386601695,1.93228380369856,1.27913341141805,-0.0622718491587038,-0.385051208091946,0.315200670170322,1.34574917612031,0.599056634982883,0.222219433239398,-0.137986059161344,0.0388370021465945,-2.49263267371654,1.69303021219047,-1.87080284577997
-0.461547621464482,-0.961277112983731,-1.93731763918352,-0.0621409739217554,0.0473264693033929,0.11571845329951,-0.737257911299781,-0.360967584346372,-1.37018522729674,-0.312868114920143,0.152561058709821,-1.2114779811183,-1.72067213146194,-1.15819485789088,-1.35094515688502,-0.348073164171642,0.104767082478397,-1.14743063966379
-0.71075112520649,-1.07403607848423,0.0640330843851131,-0.493230689469674,0.669507394911367,1.66203897252321,-0.174288390079513,-1.16063067504832,-2.50499925856435,-2.11464984165394,-1.03052183608567,-0.310403729904286,-1.55619562994969,-1.14997391090475,-1.25030141198951,-0.526312263927886,-0.472294002939505,-1.24886479310582
-1.97700382999614,-0.689378947245648,-1.23526909917376,-0.671777044027519,0.405967377857239,1.29408160307752,-0.197972340998844,0.688564409754251,-0.0592040730812604,0.575829083510004,-0.41160534468658,0.562752248947054,-1.17392357913229,-1.40967866829887,0.602308022444424,1.37092088123827,-1.44816171061751,0.956998789631861
-1.10252677776145,-0.145835954096091,1.8097815480991,-1.01112031778974,-0.273919777176417,-0.612385817088269,-0.247307175158067,0.421079714658717,-1.36918593716591,-0.433667921332181,-1.29286285151276,-1.1364549271222,1.11955685007052,-0.69342437108564,-1.14804854900631,-0.259993963666954,0.426539647050081,-1.28112567665416
1.99670189978011,0.88411892115778,1.43583870531109,1.42645850255488,0.209248375293683,0.2007275802735,1.01930995725919,-0.442697127679197,-0.373086363030018,0.668648309733599,-0.190048889772571,0.107037512259917,-0.775760352866558,-0.785410202112171,-1.37290656950993,1.57774134967451,-0.633660814957478,0.777312347330161
0.0927856685530269,-0.324694051715399,0.657850733337279,-0.130827091401291,-1.05646413236142,0.17999398896114,-0.939185011688814,0.11565104199085,-1.09812230718693,-0.813329371658159,0.239771269688065,-0.917785544905506,-1.87543328168735,-1.06563835174163,-0.24620754368682,1.52766513988066,-0.42875363343196,0.622122873170151
0.243346361182243,-0.768027452373208,-0.355410957357944,-0.895406206105582,-2.37299975052404,-3.17503213281356,-1.83669453941607,-0.534711717029975,0.144082696894073,-0.61465728188992,-0.509408133430276,-0.0467275199530735,-1.09331898678496,-1.53593997557463,-0.54002052859702,-0.0847454476607379,-1.08208045334528,-0.136605093859616
0.690335854964966,0.795391544668356,0.187214931722541,-0.620374028960366,0.650270918299115,1.13406440048047,1.02654449156998,0.983417580423627,0.96600788264012,1.58750262263317,0.6487652352208,0.566377586412947,-0.0648138196405575,1.37326752559734,1.47158978456675,-0.166080049647059,-0.270035918817638,-0.131786084125917
0.289664105957431,0.336433326698799,0.454259878225191,0.934869324334413,2.55477025610461,2.06055101172741,-0.335359673709069,1.66793547005529,-1.13831000943914,1.23755444716193,2.04645470414506,1.37503801533637,0.196434755850163,1.11732735586782,0.760557023727175,-0.373879173580287,0.791319446959766,0.596183779161724
-0.341479978770619,0.586966199642159,0.22033816839684,-1.53551525814251,-0.526539672345169,-0.783215152639123,-0.867124971580236,-0.870425671781246,-1.62720366691847,-0.397291781542968,0.0738969928154879,-1.14502160043995,-1.61826365594631,-0.719916376132716,0.513986346713952,-0.0888835468437564,-1.00710604881652,-0.102164535937964
1.44914893940102,-0.0325364338946347,0.9124159478607,-0.935384514609527,1.14243244363447,-0.118536334125755,-0.941175234830174,0.378207787916831,0.938737571183826,1.87166089381799,-0.230711513931239,0.924765045668647,-0.09829390771144,-0.270860292444993,1.67333565156528,0.756260909925191,-0.912100383355602,0.754031659665036
1.99379854348852,0.455532677484472,2.31254790383839,0.349211360360098,0.115474584839771,-0.258170595725006,-0.256637362075897,2.96242767032106,0.451554247934115,0.946072740494613,-0.125563742874042,1.21698794516464,2.17742929200557,1.25455681955398,0.969175749134054,0.29304979493805,2.22878034179667,-0.399205836260438
2.32960232716608,1.6629617299542,2.05410471720172,0.660637205655996,-0.140369477904354,-0.271373394802427,2.59781640948254,0.983334485862839,-0.949254422903116,0.748879085370089,1.92941738631091,0.280749607202935,0.93190703983397,0.648444841454982,0.174709388958343,-0.99230720791268,3.29318125593948,-0.573322905980947
-0.392401596999362,-0.243071799711696,-0.662627077913223,-0.237084675887075,-1.05061068086919,-1.4343872562284,0.366128602134671,-0.891764744776489,0.0504465313295647,-1.09765882617436,-0.0109049188658142,-0.865555660984666,-0.422742265103068,-0.378126597741067,-0.0839102598038158,-0.0778232089736881,-0.54853253895409,-0.370997186511725
-1.32435090845521,-0.682497516071541,-1.13121079911093,-0.166307855995203,0.954346295117367,-0.221182108487512,0.0912776199407364,2.09685439689247,0.117737289632795,0.742163609176724,0.71810687018654,0.656876995618081,-0.250944631532482,0.468813932137825,0.0654130937500543,-0.408400339921387,0.458411731623803,0.40619800057769
3.62282743600508e-05,-0.464999684516018,-0.0221194864688463,-0.788178453794096,-1.18318761842547,0.43747331652708,0.0507061849405303,0.291602907698362,-0.181556483346948,1.05561456175512,-0.335482636411891,-0.918916536474175,-0.530227063144848,-0.956449207916875,-0.692071514560871,-1.01383551426904,-0.0557025147312172,-0.369198001522657
-0.990169098198077,-1.62326298405236,-0.27476247057818,-0.502860217681429,-1.69333265897722,-0.280473386137077,-0.64165033278905,-0.794726995730169,-1.4451776283763,-1.6484234598917,-1.4850375329922,-1.61850337177156,-0.948751988335094,-1.23743406460021,-1.04905694450119,-0.731664042579051,0.342116193253166,0.00140990072265961
-0.219241993828645,0.323278446347234,-1.5403663114472,0.770062132269602,-1.24139347103547,-0.0557718468944459,-0.360930947125919,0.687056984247364,-2.09310010820878,-0.925232071682025,0.678920180395365,-0.549026363451097,0.707229766993893,0.284185605691572,-0.513765801642127,0.571412042202078,0.987988219210755,-1.0445369975763
2.54920593449103,2.13329931748611,0.949784462349889,0.0722067031459951,0.569874477722346,0.739694455386174,0.67532091076323,0.117867881904559,0.132555759003743,1.37863588748494,0.0661581560235326,1.32899071248044,-0.307895378895269,0.93596757492744,0.074900808728148,1.30413709901472,0.842287843453781,1.00168841453313
-0.259492723842879,-0.164552329209913,-0.15556877041761,0.473180006153525,0.753313665167509,1.10054906139194,0.202847376742674,-1.37894504573966,1.21292765631081,0.619963579380305,0.341084057603515,0.0127662978469559,-0.816882080356965,0.137420905493596,-0.154018162016989,0.12833771121571,-0.150304785498723,0.372101498386913
-0.574619851952092,-0.690714518780588,-1.09591720710677,-1.32229535853062,0.192376246720982,1.32055699698183,0.674179365621258,-0.329817577687879,-0.413798681697506,-0.280307372852778,0.521755637278017,0.325963408340735,-0.896731266687312,-0.0828840776999549,0.336219675786346,-1.25147358782901,-0.992221294442019,0.938413049578863
0.282411922926725,-0.356947029740583,-0.918526593954,0.277425850229929,0.410864113138125,0.572775981179046,0.702895811062913,0.787568045539642,0.92272417660041,0.731583257182746,1.3358776899391,1.92123299319296,1.20567917762244,1.3766181773576,-0.110903403196916,-0.339317916940266,0.154119948745447,0.175331978479898
2.14158342941028,-0.223312542642211,-1.67301560888604,-0.500104447289006,-1.01568225432083,-0.514891677291472,-0.0396814743134909,-0.388242989382877,0.366267803176374,-0.369066992472907,-0.471518939470557,-1.07594248119699,0.0891413240664915,-0.24251403469488,-1.01542227680051,0.128718219840076,0.452412972960106,0.344606443124936
1.08303018443766,-0.19367800816342,-0.0228513634987147,-0.548869930779031,-0.316085146767291,-0.755528324745653,1.69409759108575,-0.941058274051158,0.392206652536433,0.235330409931539,0.231541203977701,0.59518952079852,1.23059849337585,0.919475995227194,0.75791747205012,-0.0589640951499284,1.37198522282847,-1.54952097021022
0.598405140945928,-0.476578034080665,0.64022128567954,-1.01995397766456,-1.12663152666376,-0.0578216857081251,0.45627897173017,-1.40063090239227,0.206459608597443,-0.140674294120624,0.278934131805351,-0.407992637476666,-0.160212225850577,-0.323950146260657,0.141064052694525,-0.274873630373395,-0.268981207453981,-0.431072943514811
-1.50906387790846,0.0977310019502312,-0.739843412459943,0.397934827776484,-0.575997842825023,-0.238034005243632,-1.28591099786392,0.821911221161796,-2.40991295136959,-0.371443245702372,0.357213629803789,0.0966052114309287,0.524090054844742,0.316912080188311,-1.1036617033248,-0.198912093201741,1.11453174931454,0.155668826918261
-0.80620749446598,-1.89510574801238,-1.0126256788679,0.994019782298709,0.399778753819525,-0.644230044760145,2.37624220635381,-0.432871187666236,-0.227902296682128,-0.810359800225985,-0.419137314778563,0.374762995188706,0.627388784170687,0.668651474365385,0.208469241080412,-0.308392753661451,-0.551712811912906,1.02290816050187
1.1052150742153,-0.606456576175037,0.2163529175584,0.440727397420517,0.448853799973811,0.664921923954309,0.789874645441306,-2.30407885031678,1.55244420245031,0.739120625023611,-0.0321186441739033,1.31117088698397,0.451189366133989,0.685991461084775,-0.468980964598321,1.43126088146667,-0.200513596963123,0.599268802213489
-0.345724458824899,0.370672152191858,-0.161161832777239,0.298696870436286,-0.514649570780969,-0.956980670543968,1.84516524099182,1.08887109346393,-0.702416957241933,2.0396660728216,1.21470065185452,1.57994226025973,0.901641645760914,1.25396741818013,2.58238374749922,-0.761169256680179,0.06578396634507,1.01205695711391
-1.19456588017304,-0.843916665732525,-1.89271189174525,0.657337102619913,0.0936257553113156,0.894328293165882,-1.26586393356481,-1.63650657660357,-0.459440397575861,-0.914128475305615,1.16495167320832,-0.300936085557909,-1.46697433756422,-1.13412405517485,-1.24635481566533,-0.106635368102926,-0.221683857920251,-0.961501357773886
-2.88569411956125,-1.26002153629871,-0.943892934849145,-1.12815093108803,-0.145471305783172,-2.31023760147685,-0.322785845320805,-0.424395041420517,0.352417893510107,-0.606493877988362,-0.264831117501159,-1.34738795111275,-0.223476683845282,-0.75302988231931,-0.723815914941301,-1.02053105585277,-0.469470276643549,0.771622283082001
-1.64313265742346,-0.0559631576488025,0.589328990835642,-0.374335077823104,0.2225291498064,0.738247474614769,0.222436655782537,-1.41259169268048,1.0331070349539,-0.641285315652866,-0.432500499233051,-1.78285395543017,-0.459728916038814,-0.230898348825535,-0.238713636609067,-1.33148450828865,0.283375808729892,-1.15447960624684
-1.05164888831793,-1.3073600923598,0.472444456946554,-0.630755607804701,-1.51149220543166,0.148563031141328,-0.00708529447830703,0.396396010367386,-0.411751443652756,-1.37641818642239,-0.385062483974055,-1.72643707539941,-1.63072618807806,-0.319864821406602,-0.730142178261611,-0.508970235958505,-1.70809817268493,-0.638564867127458
0.447473165951664,1.75661032554581,-0.474420017995905,-1.08028509079305,-0.575243620157299,-0.715422103988914,1.71252697703152,0.718728302290297,-0.644859333780969,-0.538803455919423,0.342058927494616,0.44808048297547,-0.414461624246179,0.278240721553155,-0.0644565568356789,-0.126404641492905,1.28545206953889,-0.273164700240097
-0.0540817256852241,2.41127433940787,0.917086454871275,2.26463579701185,0.688799438460048,-0.256605042240143,0.353982088977771,0.621353186599199,0.902158365442686,0.963794106815343,0.612966608752059,0.735106738743742,-0.166430327842558,0.869260797285859,0.429299539583767,3.57722349767733,-0.650242204859823,1.19493516384988
-0.356582793155851,0.566053637317555,0.767614254561875,1.09022741674435,0.864577174993085,0.371721142605135,0.260607348958264,0.079214814147706,2.23442737265576,1.27166394754737,1.07673877064182,0.172661394097011,1.2300906105762,1.03279845374483,0.654214441190697,-0.75715173913691,-0.855135923761513,0.540555921103642
0.758734327534973,0.375106801074569,0.60178611004829,0.607765044704716,-0.577292997936059,-0.560446295311373,1.71075464841507,-0.707195890591024,0.62648210405143,0.531790008536717,0.558207929225399,-0.169795709586077,-1.20002132943835,-0.365174854059524,1.44640221092727,-0.42213145655334,1.89609086488648,-0.752869408644529
1.59941017155788,0.913972538751048,-0.554356354538543,1.00908766664206,0.875322631582568,-0.162080861154049,-0.321783807424539,1.27113733509154,0.590061572453174,-0.740897893517516,0.389698349530265,0.19250410102825,0.893555745257683,0.304791812449362,-0.259808563059789,0.0469521386718332,-0.228936212883602,0.2397198861322
0.280668004095799,0.276390540429401,0.87419878620234,-1.78274876545889,-0.280224830859466,-0.465798516360607,1.58238673483489,0.892074401708157,1.37313380624301,-0.804326404313899,-0.086979387866049,0.441645615714328,-0.124636076923471,0.754659353265285,-0.329058381823114,-0.202713764115528,-2.4978073642077,0.249600269304746
-1.06931275788869,-0.776704452640989,-1.45780095445782,-1.86280250130511,-0.0454962454419851,-0.488670594869318,-1.16926902380174,0.375387457394407,0.0268687295280703,0.228837802310891,0.625391091303106,-1.28767306131848,-0.715249530917924,-0.447462958938147,-1.91893436076652,-1.71464029564389,1.96501480628951,-2.35929863208448
0.644291831360074,-0.66166263301802,0.528500539612845,-1.05410030500954,-1.36480308666353,2.02850903298427,0.612564268573861,0.0780086398820495,0.957532764819699,0.182763134211502,1.36265804891584,-0.52462750082331,0.304606563940621,-0.0825883245539058,-0.412063253588043,0.468394233489313,-0.872306299930245,1.15939137357888
0.166322152848974,0.169738526570964,0.543161958116082,1.98456717205093,1.80606067523042,1.49286823157783,0.125558584014974,-0.209108117257425,1.9847186923416,1.18476739555223,2.90614557553276,1.03174083201535,-0.394668694744421,0.732858072600073,1.16184852562194,1.39697056762293,-0.511730660660649,0.263138234962021
2.31989571438102,1.7202492638252,0.999867728542959,0.103379215187614,1.01141370760431,0.664309128394432,1.79322247759297,1.87002671521265,0.180410927250068,0.200896310380389,0.691207667430142,1.5437591281112,-0.158427967141598,0.30227361222192,-0.145534871849978,0.289837043137218,0.135234157541199,2.00298887398233
1.71838962799089,1.23090562254503,1.68799083552957,0.2198498172127,-1.61544229679534,-1.50115025068638,0.224323094922717,-0.770956648702672,-0.123591427639793,0.138943058480938,-0.687229340792586,0.276411890096346,-1.4003844158519,-0.435008642817004,0.0597653667062892,1.58831668451853,-1.46867759320106,-0.165354868544417
0.199247012497854,-1.8980504925303,-0.934362582489344,-1.57644557323817,-1.51615150424112,-0.404557685403124,-0.740126780072778,-1.72975121235644,-1.34481046200662,-2.18012211876459,0.936917803906464,1.12128876705099,0.209186492383836,-0.976787755063607,-0.268100229147158,-0.0405001069548385,-0.282625051582038,-0.0352002421273535
-0.880678887976718,0.266646410072287,0.698307626902628,0.134150832031829,-0.491378777238722,-1.00705055818432,-1.26000804716683,-1.04047878012247,-1.61476002263023,0.115780677863869,0.876223848373212,-0.781681405388182,-1.27296416158506,-1.01971853133889,-0.515527377066861,-1.19857991744963,1.27114503082496,-0.630748788242815
-0.897507502634119,-1.17168061841011,0.0378468994473849,0.461645059254692,-0.972656085945511,-0.919417445774578,-1.86935955214187,-0.535943103111887,-0.0733434747627437,-0.661308784731558,0.0393876504457016,-1.64075812259024,-0.534570248760904,-0.638017797976175,-1.14550298640371,-0.564536402528539,-0.873171332726367,-1.25466447922353
-0.814759174215864,-1.94990315164374,-0.650196281227655,0.103358769831366,1.62156650151039,-1.64872040680936,-1.1129857983573,-0.798316836490068,0.950173231655695,0.751937342779901,-0.55502546958979,-0.626349767967226,0.208251109849064,0.044195681680336,-0.835923270775101,-0.405477645755779,-0.0569919215981412,-0.822298807664829
-2.57738223866759,-0.0180646209397825,-0.49541050992235,0.522147149761845,-1.08851752906266,-0.989716081009897,-1.02312724769454,-0.232463702594007,-0.0231538257286143,-1.29566824220495,-1.52109968288928,-1.18834791930097,-0.261999189278103,-1.55580750670643,-0.360098889827187,0.334712950002581,-0.724067424808789,0.27517852207267
-0.41106967449059,-0.0961218849051795,0.299675361697994,-1.21870654679006,-0.571796601106649,-0.744644833996434,-1.43516501717423,-0.573446209534974,-1.72633624407978,-1.16505019683388,0.901355646984836,-1.12705372507198,1.79335318842624,-0.120227615376739,0.0318167992268943,0.29689034098768,0.44067120273141,-0.795003317635808
0.144944014809541,0.547036407472184,1.02213125567386,0.10065034232006,-0.843696158855739,0.209718470290795,-1.07280574092165,0.378507889371682,-1.10564755609544,-0.441684378781833,-0.975550571711898,-1.46890194818194,-0.523893792856774,-1.57471600363058,-0.676406678438873,-0.638426630249154,1.73961275132035,-1.74485867040758
0.711200971254328,0.450560295870405,0.992697080266059,0.863309056925544,-0.497423769173536,-0.55362265103374,-0.152792164733704,-1.32138149404897,0.520806368877032,-0.572009066459482,-0.397647165298544,-0.62787742081241,-0.430639484824745,0.0867705817011475,0.638259067338245,-0.38209861827154,-0.545216420848087,-0.343654104700951
1.91987278418338,1.12446078883697,0.928827719687148,0.469902881902548,0.200025523430328,-0.238170763681239,0.152368746865164,0.236448092790618,-0.802816557844245,0.550727421457694,1.03650929850199,-0.259393809190323,2.06308842715505,0.77589451782412,-1.92484541123978,-0.209407186166563,2.68905236429212,-1.54695647745256
0.609364345122839,0.603930360253238,0.692486920285546,-0.69625787249836,-0.324272296337552,-0.4730588854529,0.999760589329542,1.5209953131511,-0.31329288908328,0.0288363631291456,-0.187253966937277,0.518215719467105,-1.54797504170686,-0.529497179713676,-0.606253308773482,1.41634353544996,0.302535533756155,1.52873200938214
0.170335164639586,0.582362755245365,-0.638561144255552,-1.83509250136813,-0.638615120365192,0.557629075310049,-0.0202370406308227,0.466132078793999,1.6268395347539,1.93949923101226,1.47398045605275,0.111666742935308,-0.418341122310261,0.310136226010032,0.584454460361452,0.488537821024072,-0.439620434422762,1.42441530531913
-0.306271461637353,0.467826089599721,0.0470386265298662,-0.41023846557623,0.342259191599067,0.406090084238928,0.193397409932508,0.582596209049876,0.892629495151127,-1.14287573664318,-1.06723641244746,-0.806598799957705,0.794608894814081,0.597887693125497,-1.26528109302107,-1.38092260091229,1.25949891412457,-1.07404185394755
0.857203613181111,1.06892634761048,0.771829706272815,-0.212749764047278,0.828899465511887,-0.842656881945705,0.680666679774627,0.326497929274466,-1.03645621779008,-0.998294465756666,-0.429806451130746,-0.343683472040001,-0.408259643684255,-0.288560186439065,1.05382081631369,-0.583576396057147,0.889254490442034,-0.220002863936276
0.701086113463234,-0.503569865523449,1.08527238069487,-0.551494355845295,0.52499804816488,-0.399470697860083,0.764216404789601,0.619884732342241,1.59970166311757,0.829488276805843,1.76146057545844,0.982255157109257,1.34235437584548,0.118221325604342,0.603514277942052,0.685371736781936,0.106667559741188,-0.515817773842209
1.30032472635399,1.02706800123943,0.953962483909878,-0.939691571191031,-1.63955272920725,-0.778570103370602,-0.0630972048237557,-1.15273384635876,0.085398685447595,0.775755328724352,0.478181518676724,-0.114663951641062,1.45884241131585,0.395795613731652,-1.16770309455306,2.23811142928096,-0.200306550867865,0.0202838881188768
-0.373756124582324,-1.25512858841377,0.365586193487961,-1.1064989445459,-1.12212072028329,1.56653450356357,0.386876296125898,0.423914320101082,1.38866642460482,-0.76273028726652,-0.777784346867057,1.25858889631072,-3.13556900681209,0.0305560932868849,0.522653658739309,-0.817725572086709,-0.747286582096351,0.172336322627383
-1.49167512421031,-0.564219977578609,-0.349773300130438,0.552872037664975,-0.652444452285323,0.715679772297822,-0.846352140087536,-0.188848820300618,1.41154387101807,-0.405928440742245,-0.413006392754969,1.00335037695716,-0.272584873318723,-0.250150804396541,0.508248476811683,1.87410814042697,-1.64049108465851,0.795538777850993
0.377875589830336,0.640323678964362,1.43411502849017,-1.38945537468302,1.70812973877917,0.387263796765424,-0.945132071723953,0.307643327925208,0.0616024490417651,0.673504090862741,-0.983150321139878,-0.27231651294047,0.814735012356239,1.37558341608993,0.516438818413062,0.307698808634544,0.386424175951707,-1.80314978747549
1.73706529899768,1.21466144784933,1.19854293131969,0.339178660086232,0.752069464531774,1.00154453339643,0.659252749941063,-0.701723036668773,0.710754628372034,1.03403339520677,0.758141028098402,1.27228461847827,-0.555507980118245,0.770106678544617,1.1309195234274,0.181093272957474,-0.419374539296572,0.654864660280609
0.512068113201165,-0.747108606529112,0.833768006980321,-0.198771256927009,0.339255937305421,0.0646000710118464,0.417831978551066,-0.606233496056018,-0.317522918509257,-1.18152112648616,-0.301545598604642,-0.199568995594587,-0.302395480803027,-0.414746276140218,-1.47877976363649,0.369573117188772,0.201256714975446,0.153152689894039
-0.156816800051682,0.0693677325416705,-0.233986839335799,-0.259431381987292,-0.332789868449771,0.547736131022955,-0.48049136100625,-2.71090296329581,1.39149101934774,-0.602726087102896,-0.77035956276653,0.47947700346142,-0.851025967356642,-0.809681802573368,-1.85369321346418,-0.249455174661634,-1.46673271745234,1.38389060305422
-0.421564054171703,-0.948087473635339,-0.690154283656164,-0.824204555471583,-1.69017741566048,-2.82583619272978,-0.0156459179672,-0.414864239800119,-0.823127131844126,-0.698975396944184,0.0854376075292714,-1.46846123490661,-0.8958065768114,-0.330766156111371,0.293250530429661,-1.62571092335207,0.590804765009871,-0.838538823949221
-0.420266170169929,-0.531052731167104,-0.492457822908041,-0.472693016821922,1.5954502804346,-1.52981306016178,-0.18723510519343,0.532261113548426,-1.42645806182304,-0.441182183369851,-2.0303547462441,-1.54060945759217,0.220890630745107,1.10706791264667,-0.522029994542006,0.712669379918569,-1.64844633371656,1.81247364647242
-0.355824666637197,-0.347998577740417,-0.413327694969256,-0.92713753916027,-0.829794452081428,-0.536955070690335,0.704944515262867,0.552430841130553,0.934967948849357,-1.01879054423298,-0.272507922156615,-0.868846384483409,-1.02339451251977,0.0341602277999142,0.994460971022133,-0.250085864969366,1.04792760567765,-0.985110672643866
-0.143885869353603,-0.00155088350092284,-0.10014642460334,-2.03922765048609,-0.902203125265812,0.101068842981845,-0.554132580522485,0.0858286143296949,-1.3140140425981,-0.665918516388533,-1.77438723820964,0.182385991925347,-1.57733403272927,0.194499943746936,0.404661260193048,0.21931520224212,0.502035669924313,-0.146527656370877
0.722820305082626,1.62782671168409,2.4936008427605,-0.151367760031361,-0.220340220810069,0.0337595100384265,1.26968671180558,0.480220050822766,0.625949077819135,1.1650684684786,0.15878483078028,1.15881604676278,0.611312894324854,0.983146270865025,0.445154342960885,-0.000521558355314681,-0.597401752730435,0.161961971177061
1.03534531936943,-0.346985992364178,2.2893328779595,-1.28322704208435,0.379217488932274,-0.449348058564754,-0.370051424008652,0.453236753135686,0.249650643139093,0.740417101199642,-0.419356046683214,-0.574326963879361,-0.831689748769121,-0.630874915226031,-0.918952037050506,-0.313770382996869,0.626573095736212,-0.895552090230388
1.04983905378376,0.139377741419736,-0.323591318096801,0.645168999581216,1.56366136070228,-0.209683028763521,1.41823948349189,0.666644269575042,-0.935300662323923,-0.730837312782421,1.37391184996518,1.09192787223036,-0.902469033076974,-0.220303489919102,-0.743584372708997,0.558279629945461,-0.483025662276274,-0.602321711998268
-0.263541744200867,-1.15423911160396,0.537854401156149,-0.501880909126793,-0.624328029387455,0.871022507622037,0.698952043337928,-0.503488456652796,0.326885856965923,-0.258899153956858,-1.37999007980668,-1.16850078280615,-1.12167591664804,-0.451709034172422,-0.309940711885269,0.630282596324825,-0.313418447271979,0.860059690137758
-0.674222224554329,0.551476639199752,0.784914300725452,0.11757718210026,0.423660674268342,-0.37754898753025,0.236371630588161,0.729198338573088,1.07504204749965,0.990928096772974,0.935129287551197,-0.452110488423941,0.0202702747272026,0.515889538855596,1.36790672707787,-0.184075382390191,0.260644169491823,-0.0126640951097068
0.0745989126935532,-0.0676686124990541,0.100870393732179,1.54989366265273,0.989538431519845,-0.0548407142619151,0.495819298946975,1.8580401408437,-1.34228962419354,1.39146722365589,1.91530794229964,0.742469472310765,0.274677162944753,0.123431369010631,1.96547588101129,0.992514040894296,-0.471271877237548,0.187567418981284
-1.71599535348624,-0.111273280604337,-0.22990155756273,-1.16151148600714,-1.84490704203813,-0.194970347289558,-1.08763425519812,-1.0169862158856,-1.14127225435329,-0.460548403792976,-0.0186701445560425,-1.7245479867939,-0.894698882699137,-0.297401574133104,-0.627637713387283,-0.18394364151547,-2.37572795061498,0.616110024140642
-0.0861386209053224,-0.215230449483365,0.0893903970128708,0.462265931095233,1.07239891219449,0.675718635008637,1.40474766057818,1.55354440870042,0.858576212763792,-0.254096579716353,1.25714125069625,0.766750124236459,0.497949140738744,-0.162831167305927,-0.969657256771048,0.947909134923347,0.441803576826926,-0.134247210496548
0.558609405726798,1.19946796343565,0.771630416976951,0.125689175496408,0.713134323521262,0.117715604488921,0.523489299573983,-1.05915688565634,1.40802155086826,0.183359128145701,2.04655697468592,-0.000650245557364713,0.0355946170538187,1.37788905771465,-0.421782869148749,0.932306386413231,-0.290411168121001,-0.071322977998652
0.154473079782191,-0.100543161774654,-0.577986742158354,0.377071709051764,-0.329257789230264,1.49937741608214,-0.962220292339288,1.27253353648068,0.127135133932476,0.573972138420098,-1.55423014185269,-0.605564859570547,-0.362503746732995,-0.842497960380602,-0.820494272112986,-0.306978312433477,0.776933229661878,-0.506270137156293
-0.023874200863164,1.26791301892075,0.666388712885995,-0.333854368311221,0.703834978053971,0.648743795925099,-0.840318750320979,1.21630056841695,1.0379909359486,0.0917194503007012,0.0833882387758988,1.10640966287131,1.53326857704691,-2.06411345309503,0.921176815248421,-0.24590497217258,1.24628840124879,-0.838027216584371
-1.05137454887701,-0.314707535175328,-0.628972765678326,-0.634967941767639,-1.38695349726988,-0.642272826342453,-1.14240211826245,0.0586599258233368,-1.28625382016866,-1.19001954191341,0.0106059948039836,-0.161686518281563,-0.361105416649593,0.0987969793458566,0.69680760105183,0.345200362311398,0.167230825333532,0.468811880568107
1.44602488363695,1.41332533269142,2.63486745762699,-0.368460214032519,0.0664859656875933,2.75031679675174,0.129962014558215,1.26846507758846,0.302285880293502,0.477523297888269,0.166705074340715,0.768101940308485,0.659195064756369,0.703698389929035,-0.0372537300058313,1.27905975981931,0.100879455006722,0.866032365451663
-1.43241590881536,-0.125878414468587,-0.940090210459541,0.881144315166535,0.806467099687649,0.399209210623041,-0.696784085386533,0.28113031666186,-0.964263345505393,0.420373387130044,-1.68439329435786,-1.61217687911928,-1.56437346150619,-1.28497619740227,-0.695736867991545,1.23981062763785,-1.52464758028473,-0.00722640570089766
-0.724591139432726,-0.632987262668626,-0.832177835355076,-0.546236683182679,-0.140793572176938,-0.849187605197057,-0.542891998119644,-0.062079693684228,0.444559975353495,-0.880303689400838,0.262085490900627,-0.364072169729192,0.00742154410957917,1.4764433092959,0.31406365057446,-0.105184895761908,0.257329071597086,-0.293720852844325
-0.997999173701726,0.2364394964316,-1.03258330936745,0.0110643761250861,-0.283805212508099,-0.254027761405836,-1.2064869053002,-1.29505102795797,-1.77670723574161,0.691967813007088,-1.42330059385356,-1.55088611185376,-0.512839158923785,0.115382408911841,-1.01138286389033,-0.810326247983288,-0.380317106255,-0.87677456708096
1.11493101915309,-0.198590118877609,1.45790203486308,0.454218813637886,-0.830247344884732,-0.259508338558892,0.405507344164528,0.400256070718803,-0.106657572102309,0.636924432812323,1.47516808836761,0.152231075931392,0.495547286250712,0.544038526267168,-1.88953823553315,-0.320191196006349,-0.234612743768344,0.882141317088261
-1.09008610063069,0.487033981924787,-0.246414948758945,-0.505899854795239,-0.312408113152025,-1.25020942482721,-0.959037900517946,-0.427031109263375,-0.884544232829179,-0.888460754108154,-0.396911844346093,-1.53697657026693,0.462123636143438,-0.76022846589506,-0.494401975933075,-1.98200445614117,1.51764115168041,-1.54546403403771
-0.0231377513233469,2.36775610634033,1.03411524301901,0.871124578332992,0.196521221863218,-1.10750253054369,0.00647441142877829,0.646695273722213,-0.292292386238276,1.39710704603597,0.0255551286349331,0.020114221110228,1.14440605500065,1.10776516943235,1.83725487912078,-0.0217941797724254,-0.208207155778048,0.691536539004153
0.692094479003801,1.13221807647725,0.624666849681851,-2.16578704402063,0.00324268712211236,0.53175829152922,0.804259615518975,0.321864705662092,1.52751984317842,-0.419106802763834,0.523054052772857,0.295165971688971,-1.32509589006691,0.148749332996069,-0.474115926771088,-1.35120247323062,0.0309684137887538,-1.42258483761936
2.85463250488687,1.39237071920356,2.30150243597655,3.32442631039002,0.573107377800601,1.10556378755051,2.80047183419013,3.08292512697422,-0.576011647223077,2.51871869674023,1.34302671723678,3.0985536186284,-0.205764109580169,1.83865194698124,2.00050883369658,1.06730934569181,-0.465016849618193,0.0377238952463203
0.728581314237452,0.408114639351101,0.578151007025937,-0.227439507913299,1.00451410861697,-0.628494990175477,-0.301908168267839,0.673067790176947,0.241464537017511,2.06904132200845,2.07752338923877,0.416435264191943,-1.80409049921776,-0.642048075147577,-0.66608243939692,-0.654802658758943,0.100422117378089,1.25022383642271
1.29730208847566,1.2527855711285,1.79748701094336,-1.67073596761924,-1.37957363998246,-0.0369313421063118,0.360519925855192,0.36748146582014,-1.63934197294301,-1.24306770832457,-0.62788750936148,-0.120176173355483,-1.07687724685638,0.212191034805212,0.422952784878496,-0.639465067002116,-0.457946354233063,1.34254127224967
-0.337743077967265,0.0283382488494987,-1.48265422022896,-0.291757575752141,-0.619371973927336,-0.0878098957619766,-1.05324514488321,-1.44796693449744,-0.471604977469466,0.120067151350979,-1.38720992057921,-1.02096332357101,0.591798062268207,-0.842180561858415,-0.994815433859892,-1.48865165762585,1.05112032125748,-2.1694390562709
-0.68540914217091,-0.742639454939383,-1.10554587388724,0.319101679450005,0.18533721295142,-0.132978661726029,0.0353921408370257,-0.185928800892655,1.67967866641719,0.67892577070976,0.651448912722621,-1.00133346381846,-0.662120453598798,-0.76902037312614,-1.8206124494955,0.662157562550321,0.81213383405266,-2.30501614479086
-1.055471058446,-0.97507429960531,-0.916269792055129,-0.948330416073798,-0.571209601474764,1.20034161723559,0.0965935092301207,0.963542454634168,-0.00359718477285977,0.101115393424062,-0.566778418326964,-0.662499829310438,1.33017075740327,1.23348700003604,-1.2046261938373,0.254486375406712,1.40272201158969,-1.49489469902072
0.258993163922049,0.163850459940604,-0.655800801297408,0.0362420021233835,0.947527196712821,1.14129164466728,1.93582354547126,1.49970328086246,1.2703634141697,-0.0715227355309498,1.24770772952186,2.5596426683135,0.933697624804715,0.689265750685213,0.0789844986308792,-0.518509438738633,1.39655559860446,-0.112564543362144
-0.803552296702102,-1.29719431136324,0.064642368312556,1.01133520225946,-0.764081872417296,-0.116218286643245,-0.211076578380454,-2.09338911427285,-0.420787970908055,-1.13253820605915,-1.04217759580585,-1.63822089479505,-0.651103402836549,-0.23073500495867,-1.43880125704355,-1.19946790462208,0.768853658637752,-2.68654552928044
0.86419016322146,0.404406004641779,1.42061915114684,0.14628346028594,-0.455328910236345,-2.14104125039694,-0.318335176479721,-0.162961365474265,-0.335443693431265,-0.119814031536695,-0.402481071546334,-1.3456127938743,-1.0538350184251,0.0166662044849934,-0.942743688872243,1.15010636976737,-0.460498273274087,0.29234043913977
0.840781464243422,-0.93226879891474,0.451424301695339,-0.0619183723336641,-0.964553925457234,1.1300475077769,0.580100239617091,0.299947012177838,-0.71892941909107,0.362133001455164,0.349764111958952,0.135376048923653,-0.266162899506734,-0.646206134929249,-0.0520711398805526,1.7389664263432,0.506803875770375,0.958394218121777
0.00190264034222915,0.889742375408576,0.787001117527992,-0.605157693492793,0.206475838430593,0.892948489066883,-1.37812348226084,-0.266747917757754,-0.448368221746645,1.03573347519393,0.327080694391345,-0.684436492697245,-0.5047082157156,-0.273272261257967,0.313627185172106,0.917240845304261,-1.13638220994839,0.388412088266935
1.53798209041065,0.624350693289258,0.750050541867447,2.04461128693954,0.830300066000592,1.54194728305491,0.309776765713556,0.334159565711104,1.36985192144755,1.32806323401476,0.787290736378819,0.617158220553912,0.920801363127875,0.473164274359046,1.36041866793349,-0.456012460346778,-0.0871641645649991,1.04209434577698
-0.936624290121811,-1.77872921355806,-0.485087080174562,-0.984261509478375,-1.14079395119016,0.304651516410559,-0.0138116778711856,0.557673514163719,-0.761267082477299,0.00500999246711925,0.907914219458315,-1.19497197704522,-0.232714289392039,-0.230790156493594,-0.926863946033918,-1.01483265255209,1.50987009458302,-1.18148939781065
-1.87511438723156,-2.13418751980237,-1.03037208851375,0.83644198190082,1.32547578989458,-1.86894277258691,0.775130012110388,0.30811035380269,0.393729024517544,0.189359849639542,-0.0552811512184913,-0.754894974681595,0.773932973644498,-0.0892783640684801,1.34090101341612,-0.379140079324606,-0.942050694430031,0.975362720303748
1.13919244096815,1.64537637435252,-0.55207145614533,-0.546673034605075,0.318815913070183,3.29546122368851,0.953647248479017,0.297326817736029,1.14514069509337,1.79877797845823,0.749380046468606,1.60905144071864,0.938901572438252,1.00910022018269,0.600369654593967,-0.472921149600124,2.22152903591178,-1.11616797839872
1.69022584104898,0.178731334479819,1.09278829256943,0.592785128053809,0.766355420350672,-0.532610589308567,0.48263624342039,1.47342136811748,-1.08181040797953,-0.897888185741088,-1.04844411481758,-0.693216302783989,0.421041211928362,0.0866910137332833,-0.196000130321572,-0.221469122792575,-1.27237442273759,0.0588298712171056
0.797504519335923,0.126274982523139,-0.00464405667999937,-1.58754458253128,-0.447012544817426,-0.794404239987979,0.665168473426569,0.186806561644163,0.863798554349088,-1.65944254387935,0.471628629905758,0.25624615045962,-0.221854687303184,-0.280826632472197,-0.00955531148050711,-1.19244550029482,0.965417069393894,-0.962960324571966
-0.283190740173299,0.208387223706815,0.123258126240382,-1.33153098682589,0.478318050582249,-0.338440923549364,-0.859020884400701,0.426943839840948,-0.563616937695936,-0.4160625700329,0.0351289955646329,-0.496197673270172,-1.20733393630696,0.125403044201321,-1.2523564698259,-1.58523988474073,0.671546883646385,-2.5395936216884
-1.46477812350187,-1.56806019717816,-1.67933552472542,-0.20856834883228,-0.557936792334259,0.984643898321019,-0.735753508912317,1.19848266951185,0.476132517199278,-0.222844320216701,1.41888109704688,0.350393622500255,0.630901788829507,-0.949909139735624,-0.0743803638884722,-0.608919749757055,0.0939173850279669,1.49617774322196
-0.263690379603243,-1.58480909457168,-1.81773701300218,-0.11857360511589,0.493446146211835,0.0666532640946367,1.14615043044177,0.05291345314905,0.172705124682019,-0.101520509699717,-1.00881103070276,-0.231732021414946,-0.816565625284982,0.624523831393139,-0.462834339244544,0.0562025370808089,-1.16837458119059,1.26176700471156
-1.12704669608191,-0.732098417043872,-1.1615252754692,-2.19872212307861,-1.3637048356114,-2.37145487165728,-0.47332553905693,-0.612394361563586,-0.680256421537474,-1.23619413956833,-0.944938627838453,0.315359327458669,-0.198966238405872,-0.559475691848297,-1.0458442615253,0.0425945220511296,-0.402904840221843,1.09290267655417
-1.0882799659224,-1.67921373114064,-1.58465228720698,0.873496907292854,0.376427197837871,-1.63985346055986,0.0959939352868353,-1.22678584971778,-2.09137860699568,-0.150980141715153,0.136673632401056,-1.78818097648424,-2.1121234784464,-1.37046832715398,-2.15474139615904,0.930502545799079,-1.49588949328242,-0.2739627081102
-1.61614986350841,-1.55573349483455,-2.78319079910065,0.247556334229077,-1.10773682608544,-2.32696762570987,0.826965039277354,-0.252706338592682,-1.19975240994173,-1.65513350386272,-2.49551015399417,-2.81143651517687,-1.65576432004073,-2.21175081706997,-1.42618168009848,-0.561742856054689,-1.48034667479995,-0.778320877411439
-0.679278212168243,0.75990816899219,-0.581267752889407,1.54701869859953,1.75965777730668,-0.827690325506568,1.39773928313575,1.56090916724093,-0.0970329618391958,1.30774080176507,0.253345710481038,1.0796908408865,-1.3391860018009,0.840802703845305,0.966188468703226,-0.311772745975059,-0.190719265432324,-0.59871390021135
0.491602418169519,1.9845863170418,1.0186798562537,-0.439328037696584,0.256095419934345,1.5840427859701,-0.446845724455762,-1.47621974677354,-0.0944324328349426,0.603239455082939,0.204149978276215,-0.572440481188828,-1.15103066306388,-1.10305102182577,0.186762595370534,0.582650333857491,-1.69270080702772,0.251722114062538
0.46798303630658,-1.80938977200192,-1.44571865381265,0.145788476286854,-1.35087875886856,-1.78650885095208,-0.949016411299831,-0.0694731545980781,-1.06122131129532,-0.972100326080202,-1.27954496219989,-2.22843779819245,-0.537666719942955,-0.859808438786615,-0.533439048728087,-1.73556872755985,1.02822257927867,-1.58868123146398
-0.0721987384121863,0.931827837613528,0.785385232095847,-0.721342306702042,0.367145766698324,1.37131531583391,0.237301507610764,0.183083917604344,0.179945561557085,1.593811035895,-0.567075997977465,0.619464984207147,0.345521765570175,1.25814151551636,-0.046232652070529,-0.449319945592955,-1.24096386015367,0.095051068652328
0.320137766672014,0.1890148750137,-0.762593575949619,0.920616557585592,-0.0107982374205051,0.536626382960801,-0.0910403429960334,-0.585721697091824,0.464209055978959,0.0553474999171123,0.668630427675719,0.00670091550368985,-0.875807245770922,-0.367183867390362,-1.54661950435273,-0.826316922215956,0.152548836422699,-2.02058844169307
-0.847830229782109,0.284490566284634,-0.678371265306529,0.0635531327854333,1.12625682968886,-0.13592112161676,-0.975516722599969,0.459198067124173,-0.622391694702971,-0.000340070689465761,0.324853350320687,0.833202937581271,-1.76259832774584,-0.192963086407032,-0.0263815704418891,-0.0764517372499368,-0.0239179664315948,-0.377508968452397
-0.207756855899027,0.237943660771803,0.226513607050428,0.618512048649044,0.0409032013885104,-0.584039810457597,1.2148272669381,0.0415762343089805,-0.438785488735473,0.983317110434373,-0.200639334384595,-0.875963313961392,0.205818929253593,-0.902358460724935,0.753025214690705,0.567405792144981,0.709560789429768,1.1570233695495
0.688575696280049,1.02327181982654,1.20835015465565,-0.165840535800351,0.755757816361439,-1.61951274777836,0.857764579941428,2.11342033820745,-0.166214130173257,0.0177852992514476,-0.523089813288961,0.474059685940101,1.45435167381555,1.38003140056154,0.376754472685382,-1.33422192665381,1.93871160008655,0.523571813115322
0.00129940486968709,-1.24814913833267,0.0562433043782184,-0.305959368440116,1.15098627604365,-0.202231039484727,0.314451141867711,-0.33321137669312,0.401010358787135,-1.15279046214022,-1.80256628140092,-1.00170149093676,-1.11392289071383,-0.735469871591354,-1.00578131580854,0.743055504013502,0.885083069713464,0.217001087935844
0.475054662200349,0.494189524829079,0.836492222344725,0.323074481951172,0.976255336460918,0.554962834924593,1.50078341643942,0.954764123885593,1.67166300478032,-0.833618378969359,0.414193593264562,2.0062861966803,1.03066184781979,1.11598859540476,0.854423236750094,1.35734813911026,0.797905653696368,0.156720856329747
-0.0968921161158825,0.167916284949131,0.488619393113249,-0.963521075896484,-0.456779315716827,-0.241383889800583,0.547459870673353,-0.0145949873799496,-0.344953228451118,0.731798594997924,-0.222829089143331,0.172534032401849,-0.322173869948587,0.752448453784098,0.68219085980566,0.0638455862484289,1.03883459403024,0.0474192673808007
0.611432743164662,1.90317935489436,0.258467404906531,1.69456437412294,0.154978719785322,-0.938347202391061,-1.47332720048157,-0.157143383492579,-1.26914672393995,-0.422604369264378,0.25945842116341,0.536858836152427,0.377893088912532,-0.468003470310469,-1.24242916148106,0.261788262996338,-0.425251730326423,1.33560461533818
0.330968817804414,-0.465275714090082,-0.422681891310865,0.409695840862489,0.611822079275734,0.219639957290065,-0.379009935552004,0.518384071766401,-1.31894911338807,-0.402534546653181,-0.705474124744758,-0.465081750170613,-1.64201598093792,-0.232297347181332,-1.16628552927635,-1.50560470425543,-1.21477919468066,-0.850174547888288
1.11368497654895,0.260417169196672,1.41591132249907,1.16001153318648,0.771137737601335,0.342680445279646,0.386607723966507,1.3004154425933,2.05407456546033,2.20111765518089,1.9032947493099,1.34954852483495,1.82240256135265,1.8727894466529,0.653095199662167,0.382819079559118,1.40309242750793,1.30012530400693
-0.623682683749133,-1.22969629182737,-1.24257422439257,0.0552890108358998,-0.0668894330557448,0.502304202581166,-0.335967834959484,0.916076383451838,-0.653348697841805,-1.38211779766502,-0.757153271889077,-0.754270631653433,-0.585113587646915,-0.625801236246525,-0.117689545122515,-1.81930504924233,-0.248588954301773,-1.54307857933797
-0.295490781912222,1.5246695723,0.329494997057528,0.224338937722766,-0.0688918623812255,-0.864021947447565,0.0552056299968667,1.26845240291163,1.25750621336044,0.966829828648128,0.54102488312191,0.945785872470214,-0.312229056643092,0.522100634444522,-0.125199144704358,-1.73657628612131,1.271648018447,-0.776739316488438
-2.26350620671806,0.142376819481141,-0.416357581607473,-0.579332163805075,-0.246797655950128,0.0183403470847236,-0.326202957007795,-1.83780801284615,0.327550633416666,-0.701650047274225,-1.42134401273588,-0.121236977575112,0.288711207976485,0.438039481210658,1.85379869793079,-1.23135381095755,0.839809808335259,-1.19272486500914
1.75842778706254,1.40089000867846,0.974931577893777,0.491804181091034,1.99131631497736,1.90187322214956,1.07214905843213,1.15863915338398,0.141541237323385,1.55295738790378,1.53541173628418,1.62068267814959,1.43635772609705,1.64952979327524,2.82944237853484,-0.591412910427116,1.63851902562872,-0.177159083917982
-0.150808313723422,-0.493721806891093,0.454817098713054,-0.496306963780558,-0.0793923386032342,1.02508871500589,-0.893239772427038,0.47176508060529,-0.883230161601933,1.53088197659949,1.28409987476152,1.06795663408108,1.32521368073797,0.542596243671069,-0.0502103631838661,0.544582047501862,-0.665352309507713,1.17261486037322
1.27506132021559,-0.203921415717211,-0.291913441236307,1.05727416225371,0.430348189433488,1.14848893092133,0.463593237581978,-0.0174042668388632,0.456895713110065,1.17503472933323,0.977322710373206,0.932419025284571,0.339727314008896,0.756914873374109,0.730716745632132,-0.061420832841938,-1.06876165007667,2.24777627514185
0.753029812754143,0.482794333262885,-0.282102096668096,0.771661448464943,-0.723435632974757,0.42365279488341,1.50518301661795,0.397386130832048,0.300479693859625,1.61874662297684,-0.00782118801059,0.470968340227106,0.056371434265913,0.475137334943356,0.0664129629920875,-0.025838084337748,-1.07189171912799,1.45493937314036
-0.0784656417066615,-0.28269009809864,0.5323009371128,-0.867723521636801,-1.07904458312948,-1.02390227959567,-0.695389813205759,-1.03000049197708,1.89281240667794,0.00562817477600323,-1.00093720617758,-1.17770462533357,-0.561449812989893,-0.0193204823199122,-0.193656197198396,0.0494483285230024,0.834260159157696,-0.506657899494493
0.880852181193348,-1.22134852359629,0.121697565874955,-0.445572098230506,-1.51771957166226,-0.534691464389707,0.153232521865224,-0.705903166493636,-0.182212567194524,-0.346916503879977,-0.441782113517147,-0.660832679103422,-0.709196745083875,0.315785529447571,-1.06550391311276,-0.631001213989944,0.0358910553739606,1.00944980064432
-0.83037959548201,0.823609103803239,-0.0100584619454276,-0.0329519191767315,0.556858829829423,0.688452530356214,-1.78504622128499,0.677090498301073,-0.952464802262167,0.816176847781628,-0.374786891951791,0.0384644052056265,1.10611413397557,-1.04970661800554,-0.85379809846131,-0.572748449511067,-0.455132657012942,-0.543404704675652
0.358919329312651,0.57705716032926,0.518550548718791,2.09656836210391,0.709885556403124,1.46795349245561,-0.182774977002356,0.438564038986263,0.017166258688518,0.774019915350513,0.309954630721409,1.192349464151,0.114307245946423,0.152185241065575,0.332523672707263,-0.238078333930155,0.054877872101264,1.5784594975227
0.444664208403264,0.0660380898554908,2.02712960862435,1.54756580604119,0.859520087189172,0.330702727636999,1.25494097505147,-0.0518116699216184,2.62807071568442,1.39288551180456,1.50737266743909,2.00659058782924,1.04159997774159,1.85815692352786,2.19284565822171,1.76578447487505,-0.0882269471504313,0.546703606121266
-0.157855669527828,-0.72792969981279,-2.02593812239448,-0.449681162652377,-1.68449355374244,-0.884172079714481,-0.21812411594473,-0.258312422488431,0.253466467100296,-0.202678136231132,-1.31714725272819,-1.90600453276061,-0.906029518415411,-0.62950601878234,0.479465033287738,0.230640873305631,-1.78130428313268,1.56185288228262
1.55970477914256,1.37696450540412,0.934409988010864,-0.22765981482399,1.70675685992285,0.921571382472935,-0.508772260846216,-0.497692644282441,0.662611589161595,1.25551604955873,1.72688713945357,1.17660481103678,-0.714082207734833,2.77129251825094,-0.820099686662134,0.483372700225691,0.0881699288904342,0.394437268616323
0.859967873749275,0.0785603619626581,-0.86792912392313,-0.816081145581345,-0.441570552129424,0.618051016089473,-0.892843432400893,-0.838223444869793,0.453455766296786,-0.937624308616765,1.55425705635622,0.199762495105094,-1.55549269985197,-0.668748276690492,2.06154164689685,0.487495579296233,0.077532417924187,-0.217254916570733
-0.204470128318699,-0.0779585266701988,-0.373974816770333,-0.301409694176106,-1.13760703718114,-1.33484132724015,0.794844542504428,-1.24656991714135,0.0615183796015433,0.0560389299495044,-1.11054902088734,-1.34216468213102,-0.735392801826647,-0.369968128756649,-0.384822880782923,-0.310180187095522,1.80194516235703,-0.456425960684491
-1.58895991956571,-1.52119158280184,-0.278308384468116,-1.30434026609248,0.26650708186261,-0.498215799981718,-1.40404773099381,-2.36071458000202,-1.62168916611443,0.369099655522315,-0.627300250370996,-1.89632187547559,-1.1437177528638,-1.65174381555968,-0.106165532675138,-1.44280401309314,-0.452670896028564,-0.165486473014808
0.451726885469052,-0.445981661441482,0.567900756781575,-0.225840712417285,-0.728585712045902,-0.109119656717274,0.729688014121772,0.953415996395332,0.412897281826835,1.20342791864912,2.36733140277867,1.40592669336566,0.422444368560067,1.85427695517885,0.0881333815925866,-0.766788055496716,0.443447739572693,-0.969254807414843
1.70685232094322,1.08788697732753,1.41836760270286,1.06337328927004,-0.234501913250522,0.924112445279677,0.216928694327756,0.672399425576813,1.78854107162855,-0.0130215443209393,-0.446343565963411,1.90613351569059,1.52587846840781,0.276371601831587,0.591459421501116,0.0895397498403906,1.15075654351455,1.14912772762229
-1.02308452386859,-1.11003603451121,-1.14466168122809,1.84288339811037,0.239421969220911,0.258177539656259,-0.16883248640338,0.167757078867715,-1.11437740725849,0.00209591714586193,-0.550480655623491,-1.59328755999466,-1.22034283651313,-1.66521049362137,-0.154143530243684,-1.10573838502627,-1.06646640827031,0.244765910305944
-0.0510734973593802,-0.362677123815167,-1.10777546367433,-0.888716641230183,-1.24510968168957,-0.807580366257805,-0.388030022499414,0.745021415338517,0.448656099082382,0.889984407350396,2.2806629541476,0.432839836523113,-0.265558431379912,0.806191764855451,0.93228247434238,1.03028672651915,-1.07013182180812,1.62142492787102
0.563878766494015,-0.00169983652267403,1.29044856332207,0.382043715085538,1.04713193504048,0.721071672654374,1.74489403569717,0.453275705951168,0.476049563618654,0.834075433603314,0.94690492056057,0.0829844831557549,1.4494016705597,0.732803512369062,1.59822441677785,0.558203760332237,0.166843738064684,0.417888373180142
-1.69765432216206,-0.667596465037211,-2.48515624214451,0.87178735545919,-1.08685098057868,-0.797362642919205,0.235144862961331,-1.21265348706316,0.143367004467282,-3.3224083369832,-0.833565890138002,-2.31160251372004,-0.422550515745004,-1.26122951809352,-1.58592129564931,-0.243322520771944,-1.90929094512202,0.421337510328655
-1.74531423730312,1.25764824542668,-0.0885381027530274,-0.106700834460662,0.353372693413593,-0.826319582810628,-0.71059084127364,-0.339249963565557,-0.106414416016612,-1.30405265575918,-0.220297581421861,-0.0206327634036636,-0.44679035843559,0.384136499101533,-0.284584705017818,0.111539520974379,0.223151626141631,1.43850294423438
-1.09755305266207,0.251388237049132,0.87969312302747,1.24676116356236,-1.36654172276377,-0.346473008816947,-0.503338590548849,0.406977103357782,-0.537421459108408,-0.701715872501488,0.109182114569618,-1.88201210149002,1.65076734885654,0.380855984719118,-1.38382124942898,1.04509637375309,0.312922770809913,-0.391635082403005
0.961468671512654,0.619473107729887,0.663938572894142,0.056296605548051,1.57105851325407,1.05839295214666,2.15968565359642,0.0997831088276495,0.722340334447539,1.33243351031176,1.70914441080361,2.02629674823908,0.87509875908772,1.3881174014965,1.25257844137133,0.520926762776049,0.161123760603675,0.619477116886263
