"y1","y2","y3","y4","y5","y6","y7","y8","y9","y10","y11","y12","y13","y14","y15","y16","y17","y18"
0.323948449460054,0.516667098079212,1.04605864731747,1.04180092198189,-0.271209720212665,0.686949453310059,-0.211038649139324,-0.374295270485963,0.431488103669598,-1.00424891382666,-2.01655761409801,-0.702482460016197,-0.266747254985468,-0.492054400803068,-0.842238492636186,0.384519041665079,-1.01111197324284,0.851551527874473
1.61538137419708,-0.626865587249131,1.11616571407024,-0.379605476887815,1.64603102642285,1.46340610743604,0.23211752963108,-0.132065306745506,-1.46597557997246,1.19401458528852,-0.165801378819779,0.537334790829901,0.0196062013001736,-0.436148220774407,0.174383176045816,0.784351808970069,1.89087918923558,-1.01596705203737
-0.645207323167142,-0.276747041744164,-1.09477907945712,0.418511942294079,-1.07081807146721,-2.55496348348753,0.736717341121225,-1.02838233626528,-0.736712994372599,-1.39484283361823,-0.687715707224406,0.107103364082612,0.258498405042401,0.962559898577762,0.142298951388106,-1.08529210884215,-0.352800229645659,-1.03633125845262
-0.660089563938549,-0.00469551263727522,-2.03624335234089,0.0542181402012562,0.0194287444858576,0.0730553873864029,-0.410642951289137,0.826700649371939,-1.14023995875169,-1.05853098628541,-0.334850845114928,-0.152473330233229,-1.04816966190933,-0.779708454286811,-0.0188244598163148,1.44018473535199,-0.912171928155094,-0.475666616454041
-1.25673253620374,-0.699999796992983,0.568408811855105,0.783290342276933,-1.0623407174802,-1.11594413643758,-0.986288738429879,-1.16088588918721,0.126375691327575,-2.21926810625846,-1.39190484178397,-2.33669464300865,0.0573484060335829,-0.68854256916923,-1.06957414580116,-1.18098262683357,0.686615534524924,-1.34062077038707
0.241274904315434,0.443601488223368,0.970576795168887,-0.537081833779523,-1.07805184422853,-0.574501513049383,-0.576854114895535,-0.93519454651763,0.6950165455393,-1.92198109471676,-0.903870584358309,-0.0288877901408608,-0.655662088584059,-1.5979241669017,-1.55716687374256,0.969290434059892,-1.64958431430932,0.249926073591469
0.615200577321502,-0.0323142504831604,0.636904695876301,-0.0543933222610687,0.196150143064305,1.08049048525899,0.320950560851307,0.636822660163988,0.683420580615174,2.58472175392064,1.97829207402802,0.949387462897191,1.37617813124126,0.787403017449372,1.56284501207689,-0.530373804578538,2.08868310417179,-1.07292694040835
1.47794430669602,-0.259904660284457,-2.19641537701424,0.651725862416608,0.0456873590182563,0.777121150069322,-0.755569144826119,0.650829520225881,-1.62130399804831,0.681409122897822,0.876162141868665,0.356722536990026,0.0364695789938692,-0.589836605547464,0.660533497011588,0.937595325964326,-0.256451349522222,0.272426330188372
-1.40404471879008,-1.300698255429,-2.67455656060128,-0.408396747404052,-0.134648988775448,-0.991798080835942,-0.971765646865024,0.413898684232358,0.0795714161444193,-1.77662662958366,-1.23791281608011,-1.9947676481979,-1.66698852092194,-2.05076746675826,-0.52997325915239,-0.351147569731351,-1.19806950565931,-0.701846066341336
-2.40438554414567,-2.16227181704068,-1.71927608613859,-0.348503198410316,-0.18929358579072,-1.06436785859552,-0.599424491186386,-0.679240722267099,-1.11121070013872,-0.366948855566978,-0.924580494309368,-2.20261136053138,-0.845295207450338,-0.638901476845026,-0.957866634270001,-0.781645120166331,0.737546489382557,0.0359774802577045
0.00698362739087929,-1.4161924984599,0.23168694973566,-0.43522631645316,-0.574877368364726,1.35295296493927,-1.42461662731516,-0.34514491571875,0.461329362173389,1.3167981117827,0.331721368847832,0.122200617684708,-1.47756502300247,-0.617280220296986,-1.62704396265699,-0.237936755703441,-0.498889201635715,-1.35687228949839
-0.0275933300318043,1.20975702309299,0.861720152664161,-0.272890985879226,0.507349997008953,-0.0177793871213357,-1.12722609274931,-1.5019256640363,-0.390270991233596,0.345075426726065,0.383610303030802,0.511118878529913,0.877698269352988,0.472367352909303,-1.22285203055501,-1.1663975685746,-0.145516050836118,0.143655848626464
-1.00101843194845,0.401294772546156,-0.781612416100019,-0.290344653809878,-0.265231255030043,-1.7672759101575,-0.0484125399709294,1.60985453783068,0.619794073605407,-0.55768521480517,0.201737398124935,0.304959506652753,0.0146971009067389,-0.385818741089111,-0.323279926433601,-1.18119072667407,-0.0840597633681642,-0.130871631962866
0.140186605767265,-0.396912465666485,0.291950741036006,-0.342652284239504,0.289951166844756,0.0018525468700864,-1.20390222084778,-0.52824159695155,-0.0895864694344159,-1.45718648690253,-0.108202056795215,-0.178937039048881,1.46132914239265,0.180752957183074,-0.579564286267148,1.45408224481283,-1.53991592421997,1.48770578427365
-0.601286244477371,0.0546089560442019,0.257447616769583,0.267422214236021,0.575103948524466,0.800584182334519,0.366791527105784,-0.403260572711708,0.81903024314617,-0.393065687702963,-1.77582383605843,-0.856339442171498,0.413930222203956,-0.368750361259002,-0.634533874299959,0.965283555352465,-1.18107647972737,1.07028818394301
-0.816077354500357,0.106251977052524,0.836729451864912,-2.09250607056908,-0.547755314932414,-0.488690259669312,-1.08703775373178,-0.141812894031855,1.04720687775033,0.0926050487466098,0.592428938053897,0.929337887364954,-0.306019396772879,0.206266749728807,0.176777883143124,-0.711055815754609,0.545515584560049,-0.995508385694017
-0.95695670169016,-0.752729762944628,-0.549652331409586,0.748511797748536,-1.18123567525653,-0.953547814063019,-0.950017771011083,-0.440654812283814,-1.67456353237115,-1.42218342685476,-0.285019931744055,0.354551427990729,-1.20118469438435,-0.650108079267512,-0.670752204295865,-0.19515118785132,0.345547517909955,-0.420999011052856
-0.617606866171024,0.454196228148361,0.326992449130698,1.75127429932528,0.858546387832135,0.68368686677668,-0.425674887034219,-0.936352600450087,0.333675141890693,0.641653060040288,0.952057467507469,-0.701169766438194,0.267792587249803,-0.163864142481325,0.357905902624137,-0.965872605648193,0.858039609355022,-1.19692241446828
1.03705076060908,0.0480971455706137,0.320015801308403,0.169646329392778,0.283640574699815,-0.703578714040629,-1.25941962480651,0.357248567178772,0.179200275173719,0.590017486621681,-1.92375822566267,-0.189434174896409,1.02837180268392,1.01925234190791,-0.274406863826569,0.322932101824087,-0.402197248240171,-0.302189092623299
-0.0691045805423239,-0.133382024547493,0.451378534697727,2.09364126564897,0.664726531769856,-1.10614769644722,0.996854575064585,-1.53976289939554,0.99769791366069,1.01371335296839,-0.764525515010865,0.957271788798746,0.620086165242932,0.251742504144458,-1.48685931521433,0.302814529845765,1.30252948611827,0.0213797993246794
-1.4695897213017,-0.205123029993861,-0.353929201496081,0.155657880871472,-1.36219233172711,-0.172034139984878,-0.185025675769375,-0.385255099401377,0.202133642444453,-0.641608163889535,-0.483474449305422,-1.74919980220953,-1.38537654580723,-1.66201849495847,-1.48655912220678,-2.25717596934254,0.00650849760075789,-0.415304178588554
0.619805811446692,0.0319251727895895,-0.0902105513510262,0.271715810168456,-2.39316830430569,-0.727610186840022,-0.0827430790370337,-0.332451590352398,-0.336842879495672,-0.912915798655857,0.476328336174984,-0.716224043885645,1.03622567162077,0.265914220487266,-1.38220609220967,1.77539711866467,-0.0663471967958573,0.327943107062187
-1.31337433151142,-1.30205661653088,-0.033785403834324,-1.19696213367318,-0.901369988266112,-0.150768864853617,0.175435511776273,-2.67782881183389,-0.00371021360464218,-1.01216374566969,0.474331147985826,-0.751190938079839,-0.212575299733295,0.14077676136384,-1.79428003444034,-1.95050124747729,-0.348913723824382,-0.533067680487713
-0.925173158766965,-1.33167627602212,-1.03455436692793,-2.15398592239621,-1.04825809926852,0.365628791162408,-0.117848177362394,1.87294973924425,-1.34109591834035,-1.52305266730208,-0.623156345934961,-0.28907811621422,-0.554992258700579,-1.07742245067247,-1.31332755640711,-1.40872774594508,-0.44044721555366,-0.320209341623919
0.284557475017922,-0.688078935921665,-0.461371058445576,0.371645467345656,-0.141022746209377,-1.64281217223562,-0.381477021148786,-1.04549205355874,-1.4824928964026,-0.779825332571919,-0.0951707086993807,0.734218686768783,1.14123386068139,-0.392990128650862,-1.88032363251575,-0.515106411571044,-0.772339322354446,1.24206786042604
1.03412014260781,0.25117097510939,0.525976434587162,0.597160155930394,-0.135204057126888,0.201861131699244,0.388997679894959,0.716603634830538,1.06379318624288,-0.458642921451408,1.24793672217891,0.183617562648526,0.68712426514755,-1.62399897771053,0.587843275189823,-0.86576714541115,0.817272519099172,-1.11017820479208
-1.19827405658985,-0.925225529909874,-1.36809286227239,0.125151079865577,-1.31533349756663,-1.14509661077075,0.399160153231433,0.162288434139355,0.0352247009360896,-2.02172032081497,-1.1399078800846,-1.34542979691709,-0.967960410951012,-0.270204797188886,0.704829860418064,-1.02617883702945,-0.881453896910243,-0.240359226718179
0.650890025938497,0.702092383485399,0.363411213407118,-0.688598131862945,-0.958919201221221,0.431701701051874,-0.313397083108527,0.151346835438749,1.82012140660648,-1.74623631938816,-1.7350382522931,-1.13991524027737,-0.584846795991274,-0.85167071227906,-2.34440870312149,-1.47457710730986,0.0525244923136459,-0.67309603550402
0.651711496848274,0.66125151049327,0.591224438211785,0.0437534012540419,0.175749613810525,1.49283443076126,0.565184499661522,-1.02424459693745,0.415911832871915,0.513443420531057,0.168725785854324,1.54381261132665,2.24383667011601,-0.595450373884677,-0.379635228239772,0.0575718380448034,-0.77275790015414,2.07285773050608
-0.160796238892567,-1.09580262178571,-1.61176246171778,-0.452873141097723,0.552085385704799,-1.37826021330822,-1.4788392603196,-0.612664499939152,-0.855284069120861,-0.695324685433608,-0.751885785275856,-0.17863858501072,0.629633127757701,-1.61346247403427,-0.696476707077812,-1.00906900178745,-0.131988961360701,-0.875340054050082
-0.798734666724862,0.661730852518669,-1.9978793556489,-0.246428472982812,-0.0735623617990896,1.29892677394471,0.441156873654914,0.131115658344073,0.486065403171575,-0.0558468566666741,0.0879618756996504,-0.183789116643156,0.241484568198517,0.409601351545038,-1.21361657966092,0.165864628844507,1.30965770927357,-1.08282591924528
-2.93764092097808,-2.17962115398553,-2.23995054086282,1.97279033749293,0.0343873649585432,0.37370308429243,-1.72954918838387,-0.837076852554255,0.92387353825294,0.380161173998748,-0.535972547085355,0.517288887180473,-0.0503230295953745,-0.500014745439244,-1.53042613042478,-0.0651604944124298,-0.491030300697199,-0.46649895065654
0.793228179497256,1.22541815629389,2.56307812430104,-1.2290934045701,-0.366635704837816,-0.0916923799099761,0.371051750277458,-0.0500397295419114,-1.56743741158491,0.10493645837905,-0.0319334715931831,-0.0262955270793425,-0.505358231389832,1.32619967974479,2.55377573948815,0.737621946992866,-0.0326298018466039,0.280748825132174
1.26930108852808,1.87536505417524,1.23451799188192,0.466130506200092,0.357316999989417,0.445911214710643,1.70696259306888,0.0118545092655221,1.66692066597228,1.09070232143069,-0.367418147707657,0.421618564141299,-0.514444909892264,0.626447751891526,1.26882314692333,1.30173014604687,-0.171891761092923,1.64146350377799
-1.83298649433481,-1.95187542961039,-0.773203821151357,0.0282509143517998,0.334952835987224,0.977414805455085,-0.436306905433113,-1.02025450755213,-0.939509587249865,0.0113394698870661,1.77762235662989,-0.145153492793728,-0.130000148184113,-0.571214819577324,-1.27576429842335,-0.647371576411193,0.709365360794862,-1.57004929153846
-0.272049520535568,0.909183983030185,0.28543263055696,-1.44502937542506,0.93478596390451,0.769916736844857,-1.32696197922113,0.0675996413224566,0.0315613124213958,1.03468834800684,1.38657374789258,0.975048297742751,0.15403839561752,0.0545437079444818,-1.11631607096677,0.553973987742922,0.422941239753155,-0.16576745739759
-0.901958416464591,0.346151756525325,-1.45247720816346,0.140016934289708,0.144980528302203,0.176383441990708,2.43660803633102,-0.572756640859204,1.16040285008006,0.212324033805833,0.97407088570668,-0.0959427830069887,-0.897582057737883,-0.725496846946443,0.877965366764103,0.278834058652294,0.402000741702476,0.352329039098105
-1.21875462873032,-0.171815158678478,-0.422642483555056,0.273247261500018,-1.12247889575152,0.81124082298293,-0.791983527903454,-1.30079873650404,-0.894494007507112,0.699722706260147,-0.873952583523832,-0.513813275459121,-0.997670702932736,-1.05336640798638,0.0860431771779652,-0.845812376314409,0.385938179245654,-0.562340770575854
0.262132936034477,0.950270395935232,0.81426733893185,-1.71519924753206,-0.923731367482548,0.308628447372456,0.426409679522599,-0.0843664779217051,1.22207808755899,0.88422300664972,-0.725186025867187,0.25707129038133,0.443200082863256,0.0388686208722416,1.63649675866054,-0.310814340733053,-0.110366425939649,-0.133514216084608
-0.249314430954095,0.269310375670877,0.910462006147851,0.212029010157958,0.747751512679285,-0.00316474910840112,-0.861672853558734,0.418971512010595,-0.740249350713023,0.744892323580514,0.527176361770636,0.64576660883678,0.603318004498068,0.6324367783825,0.622335333829467,1.21293846881874,-0.264498298303007,0.26873373958657
-0.142496098409526,0.139621033632366,-1.07902659829213,-0.284815994401798,-0.983648726936537,-0.877223090120901,0.312807090190043,-0.717379303504991,-0.572992382621611,-1.14176967739947,-2.60166433037495,-0.921182462094291,-0.271662872709782,-0.375122759019681,-0.878750767509322,-1.73157410229103,0.848424954609445,-1.04914773830746
-0.91746818340862,-1.38760020174137,0.136535639413073,0.481112262051189,0.286775470821529,0.490808639236574,0.507253676219002,0.589100155214254,-1.56448312967262,0.962691217332246,-0.0123923931922143,-0.450697460375403,-1.21505274931325,0.559574264219619,0.253809300267853,0.647199075713507,-0.0882641309276644,-0.823404248744683
-0.990333346623138,-2.0357211738856,-2.20815917485487,-0.117302993150675,-1.06558892789608,0.305726082716869,-0.67043991838675,0.769981751727687,-0.656474599372549,-0.344974661973602,-0.435135511962337,-0.673745073151254,-1.37687397544386,-1.46332152877163,-0.118243190424651,-1.27883162371962,1.96482086919783,0.0402925095407905
1.24338217238102,1.09253164769722,0.51018638364335,0.92407370342883,1.63759356379396,0.891932209749955,0.732578970291348,1.40614671899334,0.399576562468142,1.58432815846292,0.365165414406116,0.562894087001094,1.2358115118819,1.07573415786241,1.33138180066892,0.691087455812429,-0.38692187387693,1.37183005219522
0.714135093310328,0.260807307979362,-1.5862015496355,0.280567199355165,1.44510550394762,0.757582376766005,0.0420016145725144,1.22448045066975,1.28251900500754,0.464802086235838,1.55168119240175,0.776329042380504,1.14807544153975,-0.316814948191162,0.349217227494173,-0.537083607228044,1.15181088730032,0.472435834661722
0.240249563515667,-0.982744964722192,0.311842432394782,-0.52594094587466,2.2649920059772,2.35333144917567,0.0285041028086281,0.391293139781149,1.89418836547266,-1.86257124665809,-0.147252142908293,0.996308094726613,0.6801629948843,1.36352642274322,0.327953423125062,0.678414361676799,-1.12705376533427,0.953747941935168
0.2571342244968,0.863150300118054,0.277012198657418,1.00568881172684,1.67561227759208,0.311141040658039,-2.30975503246032,0.224183656590502,-0.721715352231313,0.308614536167867,-1.42464437369473,0.439688170433347,0.097767387426054,-0.490653474800757,-0.299249688842513,0.296097574187036,-0.500402788895617,-0.88627081199282
0.0391725110808317,0.793179765554165,-0.0339478879538864,-0.403209886652081,-0.410103343433574,-0.644230077188756,0.32474245733667,-0.154567397427001,-0.769992416570093,-0.0103508386257289,0.198458143359357,0.413052972216138,1.39987863084902,0.577152541089124,0.192760975771966,1.06286597985939,0.07408727837135,0.177245350972329
0.506887437912841,0.409242439521208,0.879432672171787,1.47040246253701,0.651156081902198,-1.15669547727532,-0.322696782234611,0.195062866569767,-1.29845744147502,-1.79046875064461,-0.722135511842852,-1.68106504272034,-0.611444648353857,-0.46895206936044,-0.931188599700422,-0.348598804176119,-0.787299710711439,-0.317712218383186
1.21302941643302,0.85838888901274,1.07148137014379,1.61676016967962,0.0163238979117802,0.400347741954587,-0.281199952605968,0.299481983107267,0.390648713075253,1.8600536686251,1.75015631692496,1.06216913452553,1.09735310896286,1.89151325270828,1.52950196608072,1.31836631024718,-0.268512514558569,1.52340989096798
0.882181504687982,0.48508849532915,0.854868161621961,-0.509323579914289,-0.812551221131503,-0.422937145503385,0.957616924114904,0.770412205623147,-0.739337636953166,0.117939097025455,-0.640952882991717,0.724942605297593,0.979711075851528,0.929939095787197,0.178989200246201,1.4083486682215,-0.273067709618096,0.346669305990203
0.950543650943322,-0.0109011365331971,1.20996351232105,-0.0614611390331671,0.943022740917685,0.591383399418553,-0.854932737629137,0.238970014142252,0.593661245443254,0.801588499444177,1.23259130571229,-0.383165761316866,-0.622351358001514,0.236831909140066,1.02028417581085,-0.16325277964527,1.30607756520452,0.301840899261615
-0.159971127810593,0.425302189629217,0.736388847305786,0.035229116983365,0.107891667521879,-1.09766906853455,0.666163516655931,-1.22853158295053,1.88360023067982,-0.493267413535134,0.197476956585753,1.06972685424997,1.18769128321666,-0.0420108028336766,-1.66741530803396,0.10414644388743,-0.136771636458426,-1.34438294578331
-1.31698199515142,0.287137002219422,0.207838717575437,-0.469937723561393,1.74556465423354,1.02818857878875,-0.233758733522118,-0.765403383778392,-0.899320401658364,0.319274336547734,-0.110469391496034,0.551432640810206,-1.51559328591663,-0.614989973527242,-0.437543048741376,-0.505135677028188,1.96828938979375,-1.81035896969452
-1.90473614103601,-1.21457920959678,-2.2459415695767,0.382738968754668,-0.387469489113491,-0.466644630947707,-0.855263836897804,-2.97931613651835,-0.904619176492251,-1.44263176268591,-0.756421938477163,-2.18277745822138,-1.22498645194334,-0.718109056794258,0.195177883419352,-1.05923861347793,0.0355807954077532,-0.930875162303966
1.88897910739379,0.95424867206709,1.70713842262005,-0.0378664986530638,-0.806038922063282,-0.873662632012957,-0.398241471964008,1.38814555807878,0.440572721944044,-0.855625804753363,0.921178974202015,-0.828969124612384,-0.593929957960433,0.804993992960757,0.348379691209968,0.215661522208008,-1.20294552982077,1.81419830515813
0.42137531987181,0.804707988173462,0.60023058001901,-1.26351230510014,-0.770177563034955,0.220212138920594,0.236599613584837,0.910541522253111,-0.164016266327304,1.18872609507111,0.805673449200197,1.42847941489411,-0.584486158536298,-0.0866728394606786,0.103238528365459,1.14668933139148,0.80386116801715,-1.27115918662171
0.794105356700812,-0.70679903104483,-0.990334914613453,0.663698565094117,0.766400372877793,0.0747079646224951,0.237598271245849,-0.40199428709048,-1.62680563897387,0.971965117442231,-1.02761999779035,-0.639970851355866,-1.35989207767483,-1.43153347279885,-0.815269243291197,-0.465071556836917,-0.520384572492846,-0.124990198211886
0.266988638877725,1.64575923400088,-0.755664954398095,1.34493738431342,0.378515463610896,-0.720035031119152,0.770508699848577,1.04022789800715,1.7171228132771,-0.501138903764407,0.0358649557103449,0.611400573325394,-1.2466288297319,-1.80142198339711,-0.927455624237148,0.30191921952608,-0.603844656920214,0.58381785085845
-0.762600617306103,-1.80136701864969,0.546176883073091,-0.813105597053691,-1.25244757311043,-1.06397595366808,-1.3998451125003,-1.13106997566231,-1.49268110357599,-1.08801799299766,-1.73912120854156,-0.298592072328009,0.333497405275217,-0.838076114594698,-0.183680872061948,-1.16383153527775,0.713863894958117,0.501508269384713
1.12420938487594,0.823351777402899,0.632048664768067,-0.296392894840489,0.319276365151864,2.17013323790179,0.344515751586985,1.2783921713248,1.15833439464622,1.05148181631088,1.82816090050077,1.72796143491469,-0.878430900904453,-0.152886554932318,-0.0883824929328009,-0.741741113812152,1.01814740475855,0.0549502930796488
-1.24299116983946,-0.739274804597156,-0.709911505904109,-1.78692658026564,-0.928051169647978,0.234774894938444,-2.47168437301376,0.0494710933050608,-2.56948310952817,-0.947343391769509,0.644177146891843,0.300523637056074,-0.972345106849122,0.886670586351469,0.358559707224835,-1.17563188325309,0.567439012451038,-0.583169909295393
0.561029018173465,-0.0809506982400639,0.0105976794659585,1.25636034680906,0.198812205663584,0.107837003933144,1.55008679306201,0.370518322543539,1.1449095396874,0.328384317455475,1.12256317367001,1.96225521163724,1.36193501092131,-0.368887681299292,0.873777890360647,0.965429462225839,-0.921758011574142,2.05318726755387
-2.01614312476694,-1.57245923915004,-1.31413394598715,-1.18086723723842,-1.25171982180601,-1.12081804445115,-2.43104525495526,-0.776108649774507,-1.7507857550109,-1.40677372510242,-0.457766829296609,-1.07609016224873,-0.542631480909594,0.729404618831769,-1.16644557423952,-2.45239370313108,-1.48764179494914,-0.448950948814862
0.676634770657579,-0.401473818285596,0.681236884085243,0.827688162214471,0.113289980719467,-0.83484091071102,0.375188501038539,0.403601228899677,-0.584655624510742,-0.456010980175167,0.290679711628298,-0.182119120664876,-0.936650043325503,-0.45195460633455,0.301327116052349,-0.246622420682388,-1.03183456258871,-0.118108383334936
1.31005346328599,-0.65160825693288,-1.05969233477947,0.233045152109384,0.131029802521885,-0.513518987276832,0.138956083779997,-0.171743499560915,-0.12714523238382,0.253791027052857,0.428561171208423,0.667932613334367,0.450351644568556,-0.955496361399585,-0.424485423537928,1.73143666742655,-2.70273231393902,0.779308635571396
0.780479710666912,0.730491369411226,0.174856830551412,-0.663660720486224,0.132976328363527,0.434116848817544,1.09248646311176,1.04826393969641,-1.23045851845874,0.866537805801723,-0.375135582495236,0.681330345298937,0.131586199716184,-1.04280856846727,-0.36410178311145,1.17017891847777,0.38730428474796,-0.392344061979443
-0.549513677958208,-1.63299612845944,-0.662125500911913,1.0879720456083,0.255617641821116,0.780062286139488,-1.32703913903389,-1.17729348032734,-1.56037127669588,0.514247429982894,-0.699523171370016,0.5192129110616,-1.09210095582133,-1.21294159347079,-0.625969452475236,0.443776353799644,-0.436293233115196,-1.31625127132235
0.675826914708386,0.366156371776882,-0.329925296895324,0.581803902037696,1.00237192205498,-0.274260427052204,0.141220785405544,-0.985639369183365,0.696703393620289,-1.42324177525844,-0.546817172961258,-1.2819991017926,-0.900410537812074,-1.59258732036235,-0.320645052585227,0.234517482210741,-1.02980007212463,-0.177154880865206
0.112125642690506,0.484682617205278,0.462571807762704,-1.17070139275827,-0.147697084177387,-0.899072957220222,0.855605171772894,1.03011555338094,-0.0538166855023234,-0.847683460296113,-0.0880546649581623,-0.0681997864011314,1.80885398026482,0.50272059332379,-0.993814376186055,-0.101092581033384,0.100551648387413,0.214432806835378
-0.574613962517791,1.43934998476591,0.286157789404431,-0.527621413356354,-1.22131510491816,-0.662221255272805,-0.170857056498895,0.300684440661653,-1.95299494117312,-0.687890943153507,0.424578311859552,-0.87546646153423,-0.106914458529251,0.774742978358055,0.308562327000545,0.959551961336412,-1.08536760665502,0.242554407185119
0.251414609318111,0.741687967024661,-0.764720501893103,-0.298747861045711,0.670664932039992,0.106933145235432,-0.0223436939494318,-0.36606541669807,0.982595858842784,0.327574990180225,0.21299006471125,1.49693942583435,1.24779583538498,0.280407163816616,-0.868162036095696,0.082460710452096,-0.90853440228368,0.293252620829597
0.810224619775707,1.10197999052063,0.4541458246055,0.23896793404274,0.505116531993788,-0.352683466573626,1.66651237695725,0.244398109054516,0.993754001422074,0.0410812773512372,0.724712789410529,0.789577164148943,-0.280869839478316,-0.116052148110758,0.928157513918699,1.35695631814885,0.255118048565724,-0.0634770220410532
-0.930817546121181,0.108920674177012,0.544482183721682,1.48584962384846,-1.98154834075174,-0.595844715690609,0.0768132329951381,-0.802291873305552,-0.890030038278461,0.95578476769215,0.0148208040185503,0.531889611766589,0.253583189301371,-0.199873938757862,-0.0484418464384268,-0.299027923525373,0.38550476660796,0.300917779170443
-0.574684728471716,-0.748460179836677,-0.629801700069175,1.18413436997799,-0.41204407204033,-0.405009227158903,-1.12968616566211,0.577402432106408,-1.67287524529841,0.315524882459137,0.890588659742783,0.632916782793239,-0.548113611885794,-0.23566937766677,-0.459036493763554,-1.60396681754115,2.2453802682667,-2.04227321450635
0.221549529536385,-1.07327732683416,-0.0682259871476578,-0.691901143896567,0.106428700578558,-0.847939658085785,0.908527675746342,-0.352064953218768,0.793808648065636,0.329843343011997,-0.125059806028634,0.868339369435391,1.24990739288503,0.443789912307095,-0.408321672709974,1.83290749970826,0.820970556734686,-0.990749584706915
-0.696918201531058,-1.02673770832891,-1.12789868334171,-2.19975762185695,0.580834963267053,1.24723207529763,-0.426151440419934,0.0702830092838841,0.998900846710428,1.01600736623538,0.331123018839151,0.316680267408531,-0.575685262248617,-1.03882527530788,0.103911441930811,-0.782139224482678,-0.0346331656584647,0.151770337989266
-0.350037743139323,-0.501645002141762,0.628535167158811,0.381462323879345,2.05861897753077,1.26044992357606,2.02715912798087,0.8159335666296,-0.923067606564728,0.307021729846425,-0.172160485964762,0.465524111093289,1.18449551515794,-0.795333993764801,-0.846810896720733,1.01097648933432,-1.01159916324202,1.02463037080564
1.62124201951716,0.805171161459658,0.625437151090799,2.20312745366024,0.440691385993659,-0.243329997337592,1.01264007757416,0.158005249970186,0.920187013112615,0.919366274247654,0.0879385169626209,0.33954848396314,0.689238520251998,-0.322871517650495,-0.0327863621165388,-0.530073855178884,0.530519056449209,0.241950990901213
0.960377850659453,0.920602130605396,1.32617088516645,-1.64210720900693,0.214773285866118,0.434863056765216,0.268224293684387,0.916660567428284,0.933902941740472,0.844152538249053,-1.01876397731463,-0.517486985535628,-0.525970350062578,-0.657699705528157,-1.19575682875173,-1.24559093661824,1.69593869301977,-0.0595276062204947
0.357392835199638,0.160986365538411,-0.598759039615583,1.33920170158339,-1.68614478750451,-1.53092165405652,-0.276339265155174,0.430273311655046,-0.98764982592519,-0.776698125204946,-1.72432379159849,-0.637763097609303,-1.74989424466719,-0.926609121351759,-0.927000886978007,-1.52175181977622,-0.111882705461518,-0.588457249641876
-0.118843523618267,-0.347055843140031,0.475136559229014,0.494817213788258,-0.129698709513617,0.761634077879204,-0.34798870440752,0.546894497329678,0.336862374520056,0.0537804889887177,0.857492480739345,0.355738730664607,-0.0947752489678676,-0.0851762156823229,0.406954491457704,-0.501637575078758,-0.330545165322931,0.0248819459832866
0.385099486070901,2.90470116714089,1.1856641729247,-0.4092621680126,-0.318927709810077,-0.826125907298202,0.632096085816161,-1.15049276297763,-0.164285698902148,-0.0413804823946288,0.256492330616613,1.07239329921594,0.299120413231654,0.0447607937067577,0.843134483505939,0.0856779956112382,1.54338806931266,-0.440364264059482
2.22878862312126,0.763142075907984,1.53532640338512,1.11760977038995,0.690677848663653,1.27444027261699,0.643735855522959,1.43326185815774,1.72370745730096,1.08896432433129,0.218319364490078,1.7474761699959,-0.751816893519222,0.969479209415739,0.774066958119539,0.0147116761278142,1.29469099877052,-0.978245943095986
0.716741463603466,0.69551008315478,1.19190406780094,0.514002669392633,-0.789197637227705,1.27105749531055,-0.0290684882025266,1.00474578518522,0.217826717896885,1.50667457190144,1.44326890617835,-0.148831790912104,0.812649716785125,0.0487222168402014,0.910697745752502,0.577414553313763,1.05125246608662,0.136086028181466
0.949924984156288,0.781018263798148,1.14252578655048,-1.30760501277683,0.0233607327008771,-0.106646041075408,0.355475971575882,1.08725970479526,0.696304024469746,1.55480385869297,1.15447682955921,1.1174124220403,1.27026867020612,0.162996617166452,0.448367623208109,0.750185312193732,-1.33141543998611,1.80739937628372
0.522565742455703,0.661824098877818,0.735842204158394,0.999134858114683,0.211435586896697,-1.00448793503078,1.02014900169069,1.63928799552241,0.262625034313017,1.48611291342389,1.45957946144728,0.150262133308951,-0.42041905036933,1.04009159941769,-0.0821389208033331,0.0422044494361924,1.2536340405712,-0.414284199572999
0.0184897522489656,0.629207596171037,1.15239823693616,0.976381759798734,2.09895354206484,2.20714237760845,1.14368504707733,-0.467568392540684,1.10974585452987,-0.235611920913358,-0.756936543507341,0.663113594205388,0.954333390905253,0.24172869140098,0.739773739872922,1.45678743931337,-0.372409696868313,0.00434511285036719
0.163148238121693,-0.282565711983372,0.866544525766948,0.794467243991467,1.35947976362859,0.782500548647886,-0.326830178680767,-0.692260645274992,-1.15155074723699,-0.305227899432301,-0.918530621918409,-0.240400398075293,-0.239082803865167,-1.44876176804348,-0.95341930784691,0.226191692497299,-0.019243953443434,-0.333069839026347
-0.0419243613805655,0.922151733984331,0.725306133084269,1.10054489728359,0.171568755542001,-0.159312839138587,-0.934712142199144,0.838528274583121,0.36445366131124,0.401526905372471,0.445583243690598,-0.0553066867362013,-0.114301937204187,-0.97131527468328,0.340638560626531,-0.670151901431158,-0.941706773940754,0.823506342154805
-0.160054201407936,1.44267120707503,1.09573204011589,-0.809615145197021,0.10551856154945,1.40910519513124,-0.418544317168943,1.29566107034722,0.373351427683701,0.790742008152635,0.59728139766692,0.0197234274637467,1.07483315824983,1.9695578019717,1.01445988184713,1.36843736878239,-0.697469471710607,0.784376051479457
0.517274362699788,-0.549631165927317,0.629791494131823,0.043946325590436,0.358920016096158,2.56799671385683,2.19279100188098,-0.752692304444631,-0.871590180179266,0.666382966462727,0.617199483429776,0.2442136340646,0.274505830619763,0.233508864677143,-1.45532496080217,1.15014767429914,-1.9579865316545,2.66205131254525
0.532220767759989,1.080352938942,-0.0505279868388056,0.538901137167747,0.740975509600198,-1.43662100306437,0.0555311450785958,1.40889518747401,-1.89994642033458,-2.41992624171975,-0.690738820060914,-0.377824206961211,0.963753536670478,0.79710710241331,-0.862502180869678,0.596782573613632,-0.259238439294679,-0.168854888241947
-1.20971838400878,-0.0623075233668369,-0.65299373161432,-0.756725188806164,0.304170163344162,-0.270520317366673,0.382602515119532,0.611733652323686,-0.0699006103721545,-0.279961090533084,-1.65883231530539,-0.245143134444993,0.882366932634097,-0.0413193702750835,-1.65402577835546,-0.92716158650268,0.851340938632414,-0.374360473238659
0.821758823811065,-0.961587538316804,-1.09619142576087,-0.148223378679753,-1.48733142883824,-0.594032313835182,1.21496883041825,-1.75744063097787,1.28217848587893,-1.57102436560955,-0.0448490574053848,0.660199770567063,-1.42733606147477,-0.999275589338806,-0.538008526550087,-0.341399934417766,0.00215966747908098,-0.103038440972474
0.105532789326508,-0.561146615463761,-0.376344887904069,1.22307287327046,-0.228852246965502,-0.21458634782492,0.394306602729416,-0.619998159592896,0.822169107005529,0.544504823575048,0.623702942596427,1.4228338799937,-0.140714508056598,0.0332318319464393,-0.96658004226188,-1.3593020618061,1.41248022372229,0.118511232556149
-2.4980583491877,-0.935852630463494,-0.386845653450223,0.32475895662653,-0.290473167431913,-2.14115359197221,-1.69758383997214,-0.270720692774983,-1.28289761789524,-1.67931862433366,-2.35853971708687,-2.45021553523689,-0.761354438563246,-1.55211361647173,-0.547664993227495,-1.2852685549548,0.0404076008320207,-2.0104063866778
-0.107235554727434,0.537433251204189,0.595910457686186,-0.218112785803195,-0.910760760102026,1.63141658312247,1.21054617403144,0.460085806446976,0.245701981343655,0.22489016023961,0.10704000894912,1.16007303131084,-0.543028860473445,-0.0653066727578015,0.639077374506484,1.3638397043114,0.430401694925956,-1.30045929622074
-0.510570340187052,0.627698667956322,0.511104899964518,1.68639204478951,0.999788874193581,-1.21516443418171,-1.34584703868948,0.192132240684743,-2.54802224092164,-0.236337544806134,-1.36648298008529,-1.08574516294206,-1.03975695796328,-0.38657747302367,-0.447526367748043,-0.300904569939411,-0.770901129101783,-1.82123623890709
0.236350949675623,0.199101499226844,0.753738328861437,-0.138601445454971,-1.40489630227796,0.258107712683536,-0.0230978357691718,0.205884071654574,0.397041298920661,0.199786311497926,0.0996735208243856,-0.22705745045457,1.77138611484662,0.333302876035595,-0.243517295665869,-0.169346364119179,1.39114221530719,0.0359450362857693
-0.321394537626311,0.8719312140125,1.14172667341396,-0.272394065533612,-0.909258990112631,-2.46009342137509,0.639216242102019,-0.846132362606341,-0.00476522427315257,-0.840908827739142,0.220946352250866,-0.703893595697595,0.517558315564931,0.747993900533333,0.0678749289160536,-3.01734663122396,1.87596516725298,-1.98357579098558
-0.100954012685743,0.0878666967141227,0.617608784829909,-0.83939392383847,-0.439200579966407,0.184231303744274,-0.464029740408025,0.631477703746219,1.67526763956212,0.996337045700874,-1.18673552742646,-0.93959643356941,-0.0083855054691012,0.896600330484789,-1.13279201351847,-0.0462986660868445,-1.61114354635953,1.35374794964213
1.19322632028453,1.15897960709096,0.721868439847472,-0.413256804169649,-0.60059218409986,-0.15275815442809,0.136805244160055,-0.198799493244196,-0.0437043198093751,-0.103476309254358,1.33844234722677,0.397473797868346,-0.36205778864606,-0.00765015070897258,-0.328525420870609,-0.468252278635304,-2.13941491477829,1.2168616401154
-0.215506210182196,0.324556494052168,-0.995128947320656,0.1977310585488,-0.359913668410527,0.483869027445189,0.426462171835685,-1.30397179926896,1.38964895606968,-0.714801237387159,-0.343412552635475,-0.433196357990911,0.494098405253465,0.319416552901536,0.125614827620336,1.11970034672811,0.0614544904950968,0.433808112946059
-0.0428039754769244,-0.575202556734875,1.21285577743146,1.1977114155703,-0.535421060380644,-0.800457247719827,0.940105169787807,-0.0452778021955004,-1.68085145004659,1.02740785205184,-0.213057677061341,-0.0980800962544385,0.587154734779016,0.642407351108051,-1.12652648684377,-0.252029078052071,0.771970959591341,-0.388764273722194
1.30937479115365,0.298839109168905,-0.182069857454619,-0.861974708639116,0.348909064545663,-0.33280648741116,3.93478107612893,0.592125795775791,2.22834154085698,0.803514608330998,1.22401077114615,0.329609484932111,2.19457117523553,0.977422881387521,1.60819987431507,0.892280652810598,-0.576227841820945,0.791196694040748
-1.25195056264196,-0.885308279259831,-0.582200165169933,-0.347751031944291,-0.569732135585372,-1.76965598334139,-0.81117126152606,-0.839869626898281,0.0652242606145071,-1.33337129889007,-0.867941643942366,-1.45056740913289,-0.435062238262691,-1.071864471092,-0.821695691907638,-2.01716363808109,0.738577759493842,0.199082466044472
-1.42499202661046,-1.19073455819396,0.121755284059347,0.209321555619988,-0.0964075841670954,-0.303501809218233,0.933376256289843,-0.561628793409232,-0.771245152910848,0.602578869428802,0.216378042883643,-1.68478361891021,-0.764158948172586,-0.481133929633314,-0.761658385149162,-0.796692178359079,-0.0590409859280664,-0.0342277241803462
1.45873307778322,1.6868738634859,1.51202764620523,2.1021940198531,0.104577205445761,0.491697574209972,0.66426088036578,1.22181486967687,1.53491250785156,-0.521135037939531,0.76656674635601,-1.32324839830029,1.16062634662578,0.64766233055966,0.0912079665237295,0.511653118599586,-0.0305329013135348,0.224314576239221
0.593918021111103,0.250931293349404,-0.0680523613835989,0.594534135024644,1.05862102183301,2.29784555700837,0.279274571104201,0.847305664738622,0.967495421264992,0.127242484188147,1.4279179233972,1.13217677916701,0.908280622638293,1.79837182939961,2.49527178705404,1.28835073866116,0.10562774736089,1.03215929383734
-0.70151937831492,0.436042995496176,1.04132880970872,0.62518314737202,-0.0412045081992219,0.361320979056305,-0.0228926650255452,-0.83591484787753,-0.487684863935591,-0.519771234727789,0.120586968205293,-0.800011679086449,-1.02725364651394,-0.666639684108811,0.0257236140854132,-0.727225688422686,0.311106988392923,-0.132982504221353
-0.215504045799468,-0.79963199798729,-0.772182392448838,-1.56817925157463,-0.368905692658148,-0.259125438245427,0.0519680223837634,-0.00954464870186813,0.705929581776797,-1.33039209149654,-0.700472525430385,-0.338180372189375,-0.310388713213,-1.44007431627641,-0.560812718168524,0.042528575990158,-0.794932464842496,0.242345454530878
-0.0692047896301064,0.171585639244159,-0.225617610805596,-1.21532864575624,-0.631399064540916,-0.040156984711181,-1.08241545754658,-1.74792909409286,-0.880587281897059,-1.44180783589016,-0.446231390711869,0.245206912838043,-1.14293225165486,-0.0247720794155255,-0.586329460487834,-0.303738136099298,-0.222346062620318,0.0654648613894407
0.620364820626395,-0.0815278143949655,0.227932561073014,-0.761381399052912,1.2132118732632,0.195879658227239,-1.18182396285472,-0.917274967357663,-0.167053556200231,0.381712827645948,0.783841266621589,0.263360991166654,0.168278272466314,-0.654581863944436,-1.45273385563651,-0.682490720161903,2.20387425095612,-1.81729075155343
-0.0468538234584698,1.50284969990872,1.10586285844872,-0.449289648802664,-1.49662280686551,-0.589321829898598,-0.146268747199789,-1.24201791558794,0.41981419549678,1.05063132803106,0.931426819204809,-0.0767151726904899,0.00887086935752471,-0.666343488614637,-0.0615071046510088,-0.253505046302282,0.713944049620341,0.33722173382249
0.456723624131032,-0.39640114886891,-0.536450358150255,-0.377917021632751,-0.282861842861498,-0.957155463495351,-0.513451496236593,0.370852035656196,0.372762428219357,-0.463617482211111,-0.627324465062443,-0.47984524083315,-1.38102409721248,-0.0173893000018817,0.666149664417356,0.347069129073519,-0.67162033936569,-0.64055135526831
0.744473190809297,-0.646056088027796,1.37907063138873,-0.170707025310355,-0.656054946350718,0.759418485508657,0.70913572793983,0.0155931819566032,-0.115662301710085,0.763800850248918,0.822799826619368,0.708676730709859,0.831825787460397,0.280899305636614,1.15448938865376,0.546736343369482,0.714568627140654,0.0380221550573255
0.98873905760309,0.452027249409397,0.800905375642762,-1.33507955255655,1.90633630491185,-0.536459488402436,0.112532889017888,0.54185159245374,1.77995355754606,0.853080417385742,-0.126584595468645,0.367054251768998,1.0166039931438,-0.455941885601597,0.297419442923983,-0.230962156268425,0.441956522005028,-1.34576160164752
-1.83399328475196,-2.64507134542048,-0.722564070707201,-1.62924768605195,0.219258842997176,1.95880919870297,-0.708810268506174,0.0615870618098837,-1.45960228051308,-1.40215856191249,-1.49139275359216,-1.46541459639576,-2.03884185862333,-1.56669734339156,-0.542552143422978,-0.844973021378466,-0.32013927455788,-0.0696121082285559
0.720728561000728,-0.095972522981851,-0.986566204055023,-0.186301456072485,1.52402439776865,-0.303265737611756,1.48388746786926,1.08928709326609,-0.544692757880078,0.5342294992051,-0.0315278895270011,-0.243593611155186,-0.0555803482000039,1.39369406143114,1.19315095666238,0.70546740136186,-0.807801891033223,0.752482843839926
-0.273314632839039,-1.11807637891321,0.112271202258073,-0.726241700051255,-0.360353042244916,-0.630061749277915,1.88988391112608,-0.462389463630609,-0.744339226646805,-0.0380996478177787,2.1494439186548,-0.322527062963575,0.258961624641523,0.253419965588203,0.732102660819583,-0.0916626616070385,-0.298556755528371,0.227054057728585
0.201633126129639,2.32242317515739,0.514145527329784,0.747938820851978,-0.118202359269378,-1.04835196662887,0.365566099588339,0.953605406836456,-0.398268662562846,2.2565036906329,-0.0504023856729363,0.848206154195265,-0.0832566323505543,0.798450806728332,-0.25251268748346,1.3927392049547,-1.04813886650994,1.10250209332244
-2.03190921637024,-1.15702499102818,-0.821404881329712,-0.720488771816738,-0.555285584640824,-1.59508100328808,-1.1329349442239,-1.04194431236581,-1.85769754097557,-0.620726512121606,-0.53769663594011,-2.20585481557164,-0.350486215563473,-0.471020359704639,-1.01569469294272,-0.729883405697327,0.553088560063913,-1.76759491797709
0.809985084253224,0.124767622482141,-0.341801150152566,1.63670025055163,0.907847256898385,0.243406588433911,-0.971289450083603,0.29322942459184,0.0010915680803381,-0.203840652420873,1.03143223708225,0.414895403880296,0.938800576282718,0.459868252049801,0.250257875865483,-0.45330124520683,0.361108964813538,-1.11500039378911
0.279949466331678,-1.39017576006979,-0.621379675657942,-0.334117298546877,-1.42326989785635,-0.870890043671781,-0.0983152596630245,0.280594384905083,-0.0396418187069799,-1.61654515785524,-1.15338762133102,0.237509193801589,-0.462326587785956,-1.12124327860723,-0.561209226165995,0.126287458684815,0.0874354458012206,-1.11349003967745
-1.35106334577615,-0.790273313541762,-0.347019801459663,-0.0588903031003746,0.0609272320258685,-0.257455513527101,-0.139277308204685,1.06866218673658,-0.679887245874091,-1.49596228039341,-3.06239755920277,-0.454920698325064,-0.439769077660325,-0.297223588954845,-0.914898870387217,0.368903041063221,-0.40489054956106,-0.27648982980639
-0.297870179746905,0.957492498020977,1.00966683051869,0.748811167964884,0.257566938739265,0.912866619367491,0.229393857086176,-0.967112751626235,1.19671835532159,-0.156469783495411,1.78019361597508,0.998684609492761,2.05194481839084,0.368881977909358,0.49132412520148,0.113976423512311,0.757134231136854,-0.417396400000742
-0.467085962588896,-0.363665173010904,0.305827796215032,0.68978893887356,-0.212362663414147,-1.13382537759513,-1.1125778944085,-1.11733837450431,0.215916174522562,1.12073399453055,1.32947457850125,-0.0950250797178354,-0.0879678859301328,-0.373689857923542,0.0385964013354661,-0.458204530972361,0.0744526322465838,-1.83059209176364
0.81165647006371,1.12216020649204,0.83894739037714,0.51662164410292,0.536713344101465,0.204608134140049,0.54892456995633,0.967836280215579,-1.65912982747199,0.438496433866691,0.648253305940187,0.251378054701409,-0.2310914566843,-0.458934823276994,1.39378293820137,0.409701937823589,0.0418023288175253,-0.387899486435614
0.486224709048916,1.26179595565137,-0.457710078286938,1.08647904004095,0.671262466482303,-1.27544422139317,1.15319904547644,2.85980265814886,0.264526079755595,2.74618297971026,2.35110496220243,1.79020854789611,2.68081373751801,0.86610918582942,2.06591466807,1.98500279526792,-0.356682945404057,2.54475365240032
0.480867310416647,-1.17593929570646,-0.408616322882932,-0.577524109300268,0.014699609213144,0.384261083655397,-0.521137927800913,-0.23467176953146,-1.24199582540642,-0.397530255779377,-0.546466324854048,-1.98247024714157,-0.414999370520392,-1.28714164498348,-1.2333069107246,-1.02886034964715,-1.25438536102819,0.377749592317958
-1.58915438047603,-0.739199466351346,-0.984521790195516,1.37194418270313,-1.10707530580877,-0.372623457934623,-0.390620554367173,-0.564429533354177,1.20169897031686,-0.852525506862489,0.173136300456596,-0.833663301768798,-1.52542803502555,-0.539581339065153,0.840998170837199,-0.128786349980964,-0.954020786087627,0.824859055099849
-0.649476675008776,-0.775209412370735,0.520814566813235,-0.6560573132853,0.573453280828709,0.853169463572385,0.819438320175103,0.473609811976407,0.160623132715518,1.09913169445486,1.13291465615822,0.603511789893025,1.21220860152026,0.805207286556492,0.594188672938764,0.970012617725892,-0.405410450476426,1.37343255643967
3.04227245554843,2.80473224972017,2.13467909772623,0.249432397007582,0.716262364847131,1.1568527651491,1.5235084973736,1.90282096216167,0.0858271716930913,2.02313233436874,0.253076171577868,1.95208314980025,-1.88006518131927,0.39184302552212,1.28231967353267,0.763466581916041,0.555060224592703,0.433637365263429
0.0433549798782983,0.0566929480737555,-1.04334793040557,0.169603455865794,-0.180590592759856,-0.22579942424412,1.5833751665044,-0.195775650862926,0.55529942893243,0.50924585974955,-0.0646273762435073,0.198202607040288,0.41917761379233,1.78931553044796,1.4556786978185,-0.0935242403524069,0.546116840202318,0.347005237362426
-1.63430818200606,0.454415050760956,-1.49245225316964,-1.17748845241343,0.816758700381878,0.135347230682848,-0.906086526534134,-1.00324612226875,-0.860825436872787,-0.016914663731778,-1.89968727587955,-0.672068996431381,-2.22799694137743,0.0965027625714699,0.154473052095838,0.696561258928363,-1.10634483183976,-0.434773791286169
0.0282230710911212,0.324122122472777,-0.938107309080585,2.04385487376489,-0.117804918817167,-0.0602381241290832,-0.0882913134172671,0.112692055098584,-0.195949943057329,-0.947202027314378,-0.857831684221129,-0.953362324562526,-0.506544983148782,-0.711391262634273,-0.0252364045345799,-1.30525349166716,0.192687300586057,0.64966706290199
0.615396655834348,-1.39075133930308,-0.75558018845588,-1.42802809968718,2.29107420083275,0.654274765006475,-0.231813103170029,0.230114388240892,-0.384362148633856,0.00131304579384154,-0.89753531129652,0.591872632128584,-0.984602641596673,1.14470522469336,0.922716681056407,0.540785362494227,0.262435977887851,-1.15021788577829
1.2655025685384,2.01271874942761,0.456271487985792,-0.185478332815317,0.698072288711567,-0.331930934612062,0.807516614229294,0.685742001669377,1.04964484827747,2.73374424255092,1.67246580038468,1.90268335919804,-0.226234650950104,0.798895230248642,0.926026296951157,1.41447964968058,1.14130835567461,-0.82135836288664
-0.0166931609289973,-0.583857247084331,-0.670737812465397,0.995169633033307,-0.899217200825041,-1.3172955415588,0.19828657234152,-0.55525930950014,-1.70730648726763,-0.45519871797577,0.429976407809192,-0.0602032999295618,-1.51578633638737,-1.76526583660955,0.122444177925483,-2.09477702629499,-0.620413880781508,-1.15968544537217
0.252401874658896,-0.174156553236544,-0.267696042638842,-1.42675798367,-1.66843592327024,-0.184367613789299,-0.847232189770093,0.536229552376008,-1.350001824298,-0.562278201667751,0.086482961813569,-0.782634332450886,-0.55502751424466,-0.869365768906933,-1.62632557258809,-1.26635616969145,-0.598472623589182,0.623510733599976
-0.619301187431754,-0.44776697387539,-1.23010966174859,0.0474532994027162,-0.599043865541017,-1.31750213295724,0.464755149886322,-0.482128713193378,0.731013981978151,0.615952879007382,-0.657839257300553,-0.270107794585517,0.199438429259322,0.343919943637082,-2.78290837849972,-1.09585324404456,-0.344395195878429,0.230238315808393
1.59860984012846,0.442955662879205,0.854764934268644,0.00782306973297095,0.0151695508192769,2.39400062644468,0.100216822832748,0.645471082412932,0.813244275011801,-0.322217229698568,0.287922416535646,0.70129738620147,1.3530844225538,0.601580428011589,0.0594171737228066,-0.940796588348401,1.72040763629259,-0.326480839248937
0.747675776207696,-0.581661216944428,0.458691643205856,0.638975082337525,-0.159246733079732,-2.1475954545634,-0.537371407685929,-0.60350325552186,-0.847543268006607,-0.661614754238723,-0.0498887382041892,-0.447364773256136,0.899789944943354,-0.188768978747821,-1.73498655309768,-0.428744721859117,-0.281187293097797,-0.284014314941668
0.938562164888588,0.195072002580727,-1.27181308773453,-0.123129404478858,-0.98091917606619,0.334031734668685,0.249804610345026,0.725030018260702,-0.623133877155884,1.40077892041684,2.46745870157128,-0.0655754057169239,1.18266723120999,0.731011672191628,0.0293742514132041,1.44422033939606,1.36205353776822,-0.776780280698824
-0.325075052149965,1.09801458746099,-0.00517430557627999,1.43846481034029,1.03795023432307,0.47790781616386,0.128785907622942,0.272215853828148,-0.496160718891314,0.185763600945348,-0.0417061700862488,-0.235402459324235,0.91246032822656,0.0546746964979514,0.619871471340662,0.53776915515418,-0.0369516748742643,-0.360093721676031
1.31801547063952,0.121390794711064,0.310883978149155,1.16963136807114,-0.11793200438333,-0.596512620784337,0.0265450571557446,-0.254062955400704,0.101835690947027,2.27601864227216,2.49845526740089,1.02832510031803,1.57853292596345,-0.74822323803795,-0.0209585360743148,1.66550886693836,-0.0609785198334564,1.01609298090905
-0.444256769450588,-0.604852303214555,-1.37586029431647,0.0813094926583362,0.985818180089453,-1.15458487628396,0.769388756214948,-0.189741875682658,0.142348204244509,-0.741852852287265,-0.467975183013311,-0.124890705572352,-0.63126614376641,0.121375320356347,-0.286561664309816,0.428894933348636,-1.32901068706237,-0.045540015064634
0.141093255592661,-0.761583042477448,-0.572916729234297,1.20369114779007,-0.778275658985481,0.298909039064641,0.714907363055944,1.21691154822362,-1.29332591646949,-0.568414847664266,0.136055839360311,2.00999437753511,1.02517546405775,0.945919299598802,-0.455890490712495,0.848161820638595,-0.36289837101079,1.22269109348742
0.430878221260442,0.746643736007412,0.521853694027704,0.565100766875817,-1.75008994980753,-2.79868374212775,-0.778767376940481,-0.838485283861533,0.0162873566565333,-1.56922777521784,-1.19732635939406,0.548482319933356,0.179960748236006,-0.268868014486876,-1.37090145955714,-0.951547887394348,0.857557572570786,-0.834972186657961
-0.6953163424831,0.573660886476261,-0.183653247497691,-0.409317188191526,-1.49149471376207,-0.563567521150809,0.822846605314995,-1.92196784815956,0.108395949971097,-1.08630658433172,-0.952804900918544,-1.39953136119508,0.219278135966023,0.123547987314604,-0.337113974726254,-0.665711711482667,0.485721251355273,-1.07012871698773
1.34945391051541,-0.404831955577472,0.244400145217654,1.1174509016168,-0.273049311009591,1.78464884872881,-0.0391922806036117,0.339342823111395,-1.41016509863584,0.384344013147021,0.502746092767948,1.00932961487485,-0.182878732322225,1.09606673108501,1.42589185946389,0.194775389336161,-0.0555239968445886,1.19250048938808
-1.49768560956124,-2.06283513956095,-2.13136568542024,-0.689683866008993,-1.31120799996706,0.436202143155222,-0.668410004562487,-1.6314348132897,0.00749721107885439,0.0917186790616857,-0.415578529743776,-0.163182119492441,-0.815285226538935,-0.272031549155278,-1.91032849494957,-2.38520465396585,-0.307983940491486,0.529608772803461
-0.722685507797337,-0.951570258424599,0.770815017990132,-1.39600924781343,-2.12744011420755,-0.834567797995583,-0.412171278481242,-0.543844147558736,-0.64441417201306,-0.778012711087445,0.0882176217765266,-0.962161085840124,-0.882250472835721,-1.22315941971069,-1.50048034220431,-0.925587013184713,-0.638707961854325,-0.86346985481114
0.104827813721368,-0.857255345678233,-1.33066971179814,0.54613507610904,1.12253832438752,3.37758350083061,-1.79320653026713,1.30569999563549,-0.31947650961385,-0.743255404115035,0.537439571034959,0.360664820687121,0.41357403813867,0.973176942373217,-0.039667769593144,1.34688245612127,0.126922137904906,0.367994299377398
-0.224369184452634,-0.0751375245712126,-0.299866534370706,-0.841214424815047,0.124390059074912,-0.246397086545451,0.24662719847441,0.745241620983902,-1.14120939296554,-1.04075013417662,-0.376456946956267,-0.995114156552526,0.425284458570471,0.489237137693228,-0.705072230025076,-0.504168065056484,0.111217760079407,-1.13384820660354
0.491700146058005,0.96854038132239,0.459272027734447,1.06780527633794,-0.697898745091668,0.831098550767194,0.51774394729005,0.534094207357056,-0.765675526504078,0.791375388543881,0.617554899400243,1.16532391283378,-0.872202597463793,0.841685764594996,1.58044226002364,0.624828379852545,-0.269108585457499,0.301073127423682
0.290999465899692,2.11560259106317,0.247615534596541,1.34468132584797,-0.0786671963455407,-0.481274793530532,0.118158970903692,0.0257662168915204,-0.0990241721117855,0.217029144862272,0.867696439465113,-0.163947614846124,0.910857636740768,0.555311877380806,-0.664577217600303,0.954107189706344,-0.706747910221625,1.34814678947741
1.53854723401689,1.39344571102661,0.60607863041072,0.364897984560417,1.27284196742905,2.56789304612359,1.13149128076182,1.26843009868107,0.0209264319302169,2.13293434469763,0.200052690345716,1.21850856799596,1.32922574301058,1.14520687081544,0.472893885364747,2.08561739656366,-0.642960655761115,1.75616700903232
-0.152273221057475,0.0897253744197279,-1.239861347123,1.13161209126321,-1.07454666847202,-1.71002549202775,-0.771414077126817,-1.75386838448524,0.0223804648400838,0.646507850257344,-1.61237432478723,-0.478502519569616,0.239189720611243,-0.634511967223899,-1.47183811433092,-1.1079505863154,0.319368638315933,-0.691886550510156
-2.40799406556599,-0.389515699170259,-0.689051419810309,-0.202386112910645,0.474791481759694,-0.17440398620059,0.525880983221985,0.709604118069724,0.227041486740116,-0.779853553136999,-0.899099393791132,-0.764392081714503,-0.430694248588352,0.9796200610332,-0.139073568356808,0.509912590190036,-0.43774052895199,0.645579291172523
0.257680390302747,-0.338872554175957,0.485350436639663,-0.847032411980612,0.0203119157593182,-0.966734713209707,-0.682516795839206,-1.22523145571171,0.0425585069198032,-1.64596621308708,-0.891081833253141,-0.216788490241609,0.352136942858466,-1.16990548439141,1.28236707888473,0.179444874505673,-1.01328923364524,0.168071419356146
0.398623850369765,0.559547142917491,0.512134935751559,0.916684304486914,0.788467658443226,0.855071845693955,0.540629731489307,0.0935912615267626,0.974703619367188,0.359667112244165,1.27848554663727,0.337475722033014,0.240112211774997,0.728526965465897,1.05569976255043,-0.191204554475803,1.44885970364672,0.0288897658791738
0.63616297532132,-0.268837975097401,0.526196945608157,-0.168704267036706,0.735409928215256,0.938716869989892,0.855198038939377,1.90836585274392,-0.2054971806,1.28304288569129,0.261481676515912,1.04719348852866,1.44271114127949,1.70427021726316,1.372953191629,0.542228574491083,0.710058150991854,0.963220642863202
0.508311040936666,-0.748812272912668,1.03975416928164,-1.72881939886469,0.511141841845536,-0.603674653390176,-0.298909941971377,-0.167366793088356,-0.379328772564041,-0.980719956277351,-1.5190251993255,-1.05656042410553,-0.532959028319279,-0.0643364204480097,-0.717249747324274,-1.67808325188612,1.08973361001297,-1.79040500401179
0.433192875358217,2.06789008053547,-0.0453956841268836,2.36109331247137,1.31016473978322,0.531578196243639,2.66263685271072,-0.376023223013526,0.936920477777818,-0.135747124842375,0.880047280590783,0.196611088722837,0.929086254964206,2.36173825356041,0.757250417772505,0.699905434710235,-0.0526438324438594,0.745814309060253
-0.141606588325938,-0.00306832985111681,1.3790818231653,-1.58544146759233,-1.06482470694836,-0.0606688191947738,0.201733252565946,1.0340281467205,1.31111148640216,0.415090769122404,0.0533453267944398,0.973143357532624,-1.52554352632466,-0.161495810768715,-0.41495790433737,-0.794301317733907,2.04802285327713,-0.990296302225101
0.748524767092565,0.745593937016644,0.778637846651534,0.241594872868808,2.13023614693699,-0.18737817901359,-0.04447546794488,-1.03590258593002,0.319397560497082,0.77256351488569,0.912725991123081,0.902430874082035,-0.289721700608019,0.560894630020127,1.41989558935393,-0.73657862967202,-0.695462530591883,0.435275249888976
-0.579566337278487,0.263978124447145,0.0404360474553227,0.195399593140072,-0.398901004855129,-0.56996344933302,-1.14221602142108,-1.06644678930605,0.0601950279472018,0.847979038661608,0.519496743022927,-0.186032665941845,1.35816429266983,0.30245826820868,1.1389200860761,0.373721373135998,0.0513074201212416,0.676414403026263
-0.865794716412683,1.41307183136307,0.418981783643097,1.79284092266968,1.22005735796029,-1.77429017857344,0.570259759253095,-0.645927265319738,1.06253635215687,0.522269741506836,-0.522478886922456,-0.627115871394775,-0.855741916243449,0.581330634121928,0.0905987699882488,0.182494765844828,1.74237422287229,0.928206308780186
-0.690089444930891,-0.728172425005257,-0.539697256345418,-1.87920347776402,-0.221598226505862,-1.34236480373615,-1.96064039754452,0.847154541425489,-1.92899012343013,-0.507247176698675,-1.04112157995688,-2.0931557428612,-1.91886843098324,-1.12165977011171,-1.81396950757841,-0.14237551570149,-1.26051671441114,-0.881818288394461
-0.32815645502901,1.19034683565237,0.889095860334014,0.252377284640404,-0.425617651684119,-1.40494384918096,-0.148115615206825,-0.616035812360683,1.13843178309607,1.28646732125129,1.78778425527091,0.739413383044483,0.839280593070863,-0.525795683582543,0.600619560633671,-0.823165203755352,-0.480241000442023,0.0393039987214665
-0.641433071083521,-1.89303303173659,-0.416624339052608,0.0455981744526101,1.68998687704618,0.479010474412253,0.559551915765594,1.10628799105134,0.266301534606297,-0.501499687917383,1.19959186621736,0.842985961007598,1.33499358759306,0.572172858666964,0.551312306984352,0.850077688388383,-1.60661263850273,0.296875357501762
2.86568173891318,1.90370870825677,0.651886105596291,1.48007320552587,2.48145257429483,2.02705514901566,0.359286800131097,1.02518588581147,1.68312880127583,-0.00118767184647843,-0.397252671827274,1.72161291394112,1.83412863185698,1.61945893333236,0.92090677813667,1.11768092914228,1.9483668734899,1.1077648142577
-0.563939190433436,-1.04553226999659,-1.75114182020425,0.208129562419295,0.0872223183854188,0.207541819229981,-0.739222054498184,-1.32541079500457,-0.299886844705787,-1.68398368776755,-1.36435652301073,-1.20129137729754,-2.59943561323949,-2.75346210111806,-0.586705637286282,-0.567156859599349,-1.5020738932329,0.835683190064614
0.536156386434519,1.96139656719378,-0.478095066080625,-0.134401472266877,0.0143761241380899,-0.815238555757595,1.14414146355256,0.0649747598192115,-0.122606558210203,0.34529261182317,-0.0601963155496251,-1.45289144414177,0.463737947266018,-0.25780945622647,-0.497019828386917,-0.726847313796181,0.90879636833199,-0.756315815760463
0.491097076096024,1.24268048085654,0.835438220775217,0.612632550592398,-0.242386851351393,0.854112196142505,0.242056055445073,-0.304537921401765,0.400610355218702,-0.960941739591102,1.48928133106259,0.664838527117429,0.417399060131571,-0.513964632285199,-0.645663118728193,-0.431748235780599,-0.597895640810438,0.873249093730923
-0.109614212716172,0.361627335061039,0.85049341216318,0.343456545463616,-0.0770465904551569,-1.32349106959371,-0.258632302195041,-0.22502268229368,-0.671350340676621,-0.283876744971722,0.136751197095178,-0.944982158864333,-0.179806940188863,0.00132445667969323,-0.0278376144081079,-1.61458832539855,0.71560172254463,-1.90951527729665
0.363743219674297,1.51510828339272,0.869256051769082,-0.634930360011532,0.485579599616831,-0.5219714857015,1.57334936621297,-0.221601464351264,-0.34132901616913,-0.842221866795271,0.531140501110665,0.494982984417485,0.264186284229622,1.5707186094685,1.21653940155781,0.321731250352309,-0.345024270683526,0.528815540156889
-0.427665405862131,-0.547860214167144,-0.649343540631129,2.09418769255425,0.423184701621586,-1.2858186904528,1.2143951062975,2.24735796430939,1.50156166099145,1.81038637955996,1.80950537365253,0.805045496593133,1.20145964307155,0.479331398211201,0.739195310879057,0.623525630626716,-0.231289824022412,-0.0531004758304368
-0.18442189505789,-0.11616697490375,0.437910044158675,0.779381828150943,1.23773072515702,-0.520073565985669,-0.132818394455158,0.722239073776851,0.363301800025748,1.361710614327,-0.219550641436165,1.10609520702352,0.549326111800318,0.403991472934183,1.38887593837642,1.46357116561017,-2.36566840733641,1.85598184609733
-0.450095820101247,-1.79197295918646,0.440832171146909,-0.208314985403979,-1.09114373268214,1.171892088869,1.41608662288165,-1.02290842691653,0.502841145077616,-0.0833719371324823,0.669847531198713,-1.05036689720299,-0.0325882773077325,-0.399045127562738,1.23212050691086,0.253794230025511,-1.68671416056325,0.211817546378019
-0.858816494444263,-0.308887771767332,-0.421573075805738,-0.485992865568347,-0.752876088501804,0.858187766795968,-0.366085157272628,1.14526769874883,-0.169796074830015,-0.0321367330077954,-0.406924521009991,-0.0583513246497889,-1.16973407117134,-1.33375770833108,0.205930778897695,0.26727954175127,0.0229815909782985,0.329386499667305
-0.499368718860804,0.739556431887021,1.98443811615148,-1.48336153738005,0.683720816413602,1.09108124964482,1.29283673888503,1.80371357741231,1.77564005278268,0.635023503572274,0.779269495057205,1.22541605989912,1.02255722044943,1.14495261005297,1.41695955047515,0.7851072785079,-1.02309391238721,0.988306376744509
-1.14107579857594,-0.499268889533501,-0.799739492937967,-1.29738988283263,-0.998159715670048,-1.26905889064135,-0.601172278949288,-0.994043078739429,1.19375672370438,-2.14667243219088,-1.18733539042336,-1.19443241833421,-1.49899035049744,-0.929069501156843,-1.07026885831663,-2.08515537437099,-0.156758431750753,-2.20764211100417
1.59936690701249,-1.249438445698,-1.16543426193375,1.17108377756739,-0.384732831430944,1.22094885907333,-0.456322111601233,-0.00786547555027579,-0.224070384754658,0.190893817971319,1.73550069757321,-0.0456751391408126,0.735441502565519,2.50613720755623,0.909508701628527,-0.0345346176465897,2.1836760888011,0.312543945589366
-0.314764209843252,-0.695245910894544,-0.940611273156672,0.20498706824495,-0.711313643170515,1.07518463228842,-1.46442616048501,-0.834522797308853,1.18666194870476,-1.7093914505464,-1.29886128354813,0.15390268411169,-0.0857211339771342,0.201820191681911,0.524027347798286,0.475623894207911,0.821083681268829,0.517120842800467
-1.2107907559638,-0.530345724117696,0.211495801706753,0.446993398093022,-0.183155773140274,0.339602684712822,-0.254685351981208,-0.435006730159188,0.493031269042871,-1.32951761974628,-0.0998657989395672,-0.495971189825906,0.833349090819298,-0.0907946433377815,-0.0880070942776818,-0.769451956523445,1.86641707954422,-0.691169857829353
0.860649536866036,-0.13760622179256,0.199510804835604,-0.26224826401861,-1.08801265630873,0.469061401654817,-1.79845799656321,-1.24426306354058,-0.0823010282166115,1.26426406362426,2.00830412406856,0.252642767662538,0.979619288088824,-1.06177291195544,-0.334146860525114,-1.3388809479755,0.341305086344723,-1.892360881257
0.305881056226341,-0.0253943931495084,-0.482857491404309,0.297978694986519,1.17624534597117,0.0569629614699207,0.739088835218948,-0.0816391152788543,1.21337540491929,-0.359000236581989,0.293046238913675,-0.412328573741386,-0.331406538417461,0.923356459830167,0.0500780370484845,-0.00635800119277392,0.570521046435609,-1.4612654847828
-0.653994426423731,0.932634646036376,0.111432080958309,0.585754540416329,-0.369495132000061,1.81669381071474,1.03691657320323,0.205156435833644,-0.369306888600567,1.36390488219824,0.805310008867649,0.679692624660121,0.013813527778642,0.0346189567783417,-0.342906654085241,0.974125580825691,-0.0826280152878831,0.154440540489359
0.996324266687169,1.3995341835527,-0.675000920577519,0.0202732301798709,1.34981289347398,0.808485059944232,-0.625104488335087,-1.8340312287762,-0.392794451347536,-1.0078623644535,-0.697776830993668,0.0802025834812666,-0.901534821314651,-0.899960213048538,1.20765466548003,1.34984005231986,-0.112379346522873,-0.531763969262302
-1.22906733441373,-0.386476971972298,-2.24361160304177,-0.893012464086158,-0.310040691770904,-0.890372602806265,0.960954702087761,-0.19451101700211,-1.24630572537846,-0.39730757565447,1.03391967129926,-0.93254763304151,1.31319322271528,0.314523055644457,-1.04156450752411,0.0315096765614646,-1.32015325346334,0.324483109019676
0.330264837401252,0.71360876194071,0.0304088873674308,0.275913521584209,0.901570289366016,0.742008306764422,1.13566453542537,1.50015414768853,1.73904624319986,-0.812636126301384,0.219716219068806,2.25395413119438,0.298835051552773,0.64012169667316,2.24017296580565,0.0113272633795179,1.65920867296662,-0.61363314966737
-0.0206674300003922,0.549086626858303,1.63328155503158,0.153661461202762,-0.45450491232035,-1.25975504392473,-0.0559763370099262,-0.556683107018727,0.764847970364418,-0.262257030201385,-1.55355276773143,-0.559585306914531,1.42876071579236,1.31023932952339,1.16821790703355,0.44302747744403,-0.203063180445127,0.381764128308781
0.716496109946673,0.657965655629176,0.44203467813322,-0.599645509256719,0.405497040206837,-0.330467515654416,0.0320753730642908,1.00635168068042,0.705610603011736,0.729999608456888,0.416940374958548,0.370333980191502,-1.07592867892712,0.220656563149665,0.595649766066606,0.840880640930726,2.0434014219281,0.291049717737263
0.28553315970694,0.115916025160798,2.17695293405513,-0.490335700865362,2.97473051699449,1.95393838139625,-0.149663639631317,-0.308068444467118,-0.403470965322667,0.608325610139604,1.02598792591524,0.690501999828705,1.19721740313316,-0.0336054049877057,-1.45355930491362,0.999442541807035,0.909201313169491,-0.626896741658316
0.508287059259208,-0.218489479879686,0.977850147555353,-0.485514219546356,-0.304011314398954,-1.14534198741728,-0.953773276594909,-1.63013025841647,-0.519889051214789,-0.905930757965803,-2.91687210738123,-1.71217401437367,-1.28869408921946,-0.206162635283788,-0.975337667673402,-1.04847808248762,-0.485699791938079,-1.72296021012719
0.883752307994871,1.13806579823946,0.812244462380709,0.435305924207983,-0.4842160134051,2.19134614355286,0.364140339988053,1.02094054543749,0.726810690020804,-0.0619441159110822,0.673484175970438,1.30288160043277,-0.15538047431076,1.16850602689853,0.330497462798332,1.17369366138537,-0.0217532764156143,0.134494969757583
-1.52683478989476,-0.5009235060589,-0.320218690847594,-1.11019415780496,-0.583620971518682,-0.0789374736285131,-0.851183862092185,-0.599234763723774,-0.0229511266076337,-2.37521583307151,-1.3350016872374,-0.497998634706832,-0.345454925747885,-1.22870723461951,-2.37008017173943,-1.761521916588,-0.490489746451895,-1.28242660379695
