"y1","y2","y3","y4","y5","y6","y7","y8","y9","y10","y11","y12","y13","y14","y15","y16","y17","y18"
0.266125537029631,-0.330718533302283,0.57353016164123,-1.37869036419504,0.338295816999126,0.429212060220614,0.967476862851498,-1.62218318916052,-0.279367875651047,-0.966861054867509,-1.52494031564736,-0.920340025377445,-0.223551630983004,0.755594701470877,-0.0810638355408718,-0.532941471390093,-0.0530105255880309,0.112090092759027
1.04010454567641,1.80154576813733,-0.246160971594078,0.34933133287978,1.11700818643689,0.944804355281908,1.55580521704405,0.362116114595908,2.4598524742565,1.03998508874414,1.31056606691983,1.3848900806124,0.0775718974991845,0.800828509958836,2.19056456496407,1.01403467751916,1.19041315524606,-0.536625708691816
-0.815558419191807,-0.445671742674192,0.0765088648073196,-1.9656145839348,0.278272440247269,-1.01564257033734,-0.619707920268504,-1.10030976423021,-1.18505137227803,-1.01339495298966,1.19861367322614,0.76332028617956,0.1824017802083,0.0653976033331512,1.04815080336685,0.728838335829416,-1.32486791699891,0.973525310239386
0.207896143238089,-0.278799593971442,-0.338038625731552,0.0717063890934282,0.330980745094643,1.17190334117047,0.981591070120355,0.585364355080555,-0.467071540906603,-0.837614929570335,0.134327584727205,-1.23451496085089,-0.312402778522459,-1.38827078569883,-0.286101891862399,1.326943300822,-0.795909621905374,0.949228182548375
0.809213785464158,0.529967039896165,-0.424316831621498,1.20851866002398,0.767525588182352,1.26982838721345,-0.181725957548388,2.01412646440572,0.677404611823883,-0.587751665204101,1.05392901474786,0.943696558077182,0.771642074514899,-0.0219229379293293,-0.469652848317798,-0.627183065961537,-0.73375478050607,1.17371702046842
-1.505850602649,0.460508145728832,0.535674778398925,-1.24338766362019,0.88815272585324,0.141029875422293,0.349686926081917,0.210946538776025,0.612957182041774,0.274473793992812,-0.124736385856682,0.458823941562154,-1.30593015813705,-0.797878637426815,-0.0893542927893388,-0.482072116397649,0.607246517643333,-1.32976150138974
-1.62303934123701,-0.817286486998253,-0.234998529665268,-0.666060519701374,-2.00357971089847,-0.0648183244821793,-1.1609415750612,-1.69006485558287,0.0193151863962136,-1.12725209180368,0.0319695368401222,-0.809626052150239,0.913725027646129,-0.28233491297255,0.325880764391957,-0.725327099877219,2.52406676789003,-0.511131715996447
-1.72644329259242,-0.700206519843158,0.166680756014382,-0.789671810881812,-1.7232395584965,-0.531973914935471,-2.6347262453263,-1.05016991683967,-2.41032208334618,-0.0459996150314067,-0.782703522383675,-0.486314533504403,-1.38001012807879,0.673152858864754,-0.0643271892334009,-0.822625884733191,-0.48560024455936,1.26869951089194
-0.315786890250339,0.775461975569797,0.968348479793327,0.483818857722951,0.712416482309337,-1.59056205585672,1.79254482104474,0.555604309703052,0.882301096305389,0.899139974963625,-0.690811318553069,1.42727654448494,0.463437890397745,-0.0755776586049664,-0.609541820041925,0.539069855591299,0.939630987242706,-0.202147501485908
0.396915940288797,1.32859955474873,0.285700474619541,1.40805277654655,1.2966593370672,0.0852090823606464,0.174323955514542,-0.0522991660435514,-0.468644055122404,1.2893607045736,0.104882017017425,-0.132442923492365,0.401290263145407,0.335804435839,-0.105460817913251,1.56884895541476,0.442809113426511,-0.244963698013958
0.456423893056509,0.656644740883918,-0.304343805298562,-0.132384294110567,0.595809439552826,1.75238009848155,1.38367085940529,-0.994709959351106,1.01665598189953,0.953687263942554,0.00359981319222782,-0.680865484849529,0.0731452008471392,-0.819103838771058,0.665208544127574,-0.826596270781564,-0.203254220501261,-1.52464922315365
0.217653776207047,-0.625679873056773,-0.382578312220512,0.0149198116696498,0.822290580294919,-0.14745170977978,0.767798164832755,-0.0333081711141154,-0.270875618358173,-0.0622640446944397,-1.16826799821605,-1.40615836617579,-1.13615512373116,-1.52430016750333,-2.07413305169326,-0.792502826750886,-0.63019126162334,0.167535834990489
0.0368089792347109,-0.789456039514493,-0.511044123019072,-0.104616281669547,1.79775481299625,0.782383667887746,-0.288093650619193,-1.15538111194487,-0.239162599839787,-2.18380069091572,-0.467803009585273,-1.55607271559864,-1.48974935804912,-1.58414800746519,-1.03704197801404,-0.271190380876689,-2.8624351562853,1.06646258099462
-0.143487380731229,-0.408677070371657,0.779647251069649,-0.7082242337813,-2.26926501580731,-1.38302362225843,0.226941936740577,-1.18732738568438,1.25941997252795,0.167917109236515,0.199983963623506,-1.09137672583774,-1.43797074359526,-0.320277298706994,0.928033524180496,1.06385394045539,0.716996579786596,-0.258366037977763
1.15731390456595,-0.209870319522879,-0.498839055593028,1.06347735134449,1.51475770136723,1.62916768955404,-0.315498524262212,1.2887003467918,-0.643508545205805,0.612137432888472,1.20040695496627,1.88015349477273,3.3090820768777,2.43144515806202,1.35168066865088,1.68554477597292,-0.595964483428934,2.16508555515528
0.0467842742215959,0.130260842996787,-0.379733448327227,1.642225327675,2.5831273190087,0.595713434906725,-0.211229816078037,-0.882707895776755,0.376563519638043,0.529835736931308,0.566943972522355,1.08247661151945,0.0477135449146676,0.95444915082138,0.107326594192299,-0.76241850470932,-0.654691894178147,-0.289576177103331
1.89771722798473,2.71275403053677,1.68618219213681,0.921445697929601,-0.927070659438267,0.999095190491425,1.28069677503057,2.06744589431439,0.0594525281877816,0.716717026038133,0.504348831349531,0.741345356542724,1.78642437966525,1.16250842794917,0.0855633399238674,-0.503597152867611,-0.489153772955815,0.286268595175822
-0.420425397281107,-0.873549049813902,-0.181386289150421,-2.06523806579176,0.935732384504744,-0.719754929581886,-0.82997029336514,0.623245208220144,-0.249672582927377,1.42887647475648,0.0881132248434478,-0.0249813008809074,-0.621011686891806,0.0624320909628941,-0.336713827579,-0.460706558629197,0.142347410322886,0.57925678645557
-0.495696733176121,0.743864775616977,-2.23710710395341,-1.11852402705002,1.19677139635157,1.2715747877363,0.370504810202436,-1.25494167016914,-0.355525305743667,0.214273114986057,-1.95502462586732,-0.653380395749499,-1.46691024550116,-0.183750114569437,-0.227980444791848,1.05234030560229,0.294459094332596,0.651821588549999
-1.35064245465883,-0.535602302249352,-2.07798884005641,-0.254639086833394,-1.36354943861372,-1.31312876660167,-0.565694710352567,0.601824127335688,-2.21978388898301,-0.540049344614538,-1.46555928562304,-1.50434429727844,0.422556425296416,0.268827040479244,-1.11728715178329,-0.33863029217335,-0.61146779606731,-1.30768532949959
-0.174416260224782,-0.302790648217963,-2.45229675458148,-0.99742031522116,-1.33831782205479,0.146776805529897,-1.40730758098749,-0.505915064339969,-1.50493787383326,-0.971391950978286,0.529843350842645,-1.41232700717592,1.42570660405738,-0.191363009402776,0.733941180057425,-0.252284048934984,-0.479185502091518,-0.435362412778845
-0.554790899227763,-0.776196555910438,-0.928957833536374,1.23968255501866,-0.17312835790997,0.0900156206629776,-0.65367246741856,-0.817305681613157,-0.323098890310758,0.0190088702932753,-0.929673334994529,0.447882571826125,-0.417174618836594,0.871431520881972,0.54054012582233,0.0177516802313698,1.10646551913829,-0.515398923171031
-0.584613374051308,-0.512736916183902,-0.917709079987372,-0.585954449999172,-1.16488728731348,-0.840751979992871,-0.494420711532415,-0.78468997041684,-0.474263710135258,-1.98258723176318,-0.631748040686968,-0.333059730722759,-0.263779640450891,-0.40470050781745,-0.437708058608348,0.695224102917932,-0.598935680681017,-1.0057566358001
-1.00935789185106,-1.18187312908381,-0.342396272090059,0.75323705486083,-0.342702533563542,-1.06553212586992,-1.27731996036809,-0.0530124420355854,-0.665351159187085,-1.22005814674006,-0.200258408940629,0.348806967040004,-0.316728661223773,0.140956151011456,0.0741010495624444,-1.68955987231791,0.0561593594406355,-1.01062684464387
0.0531891155311037,0.189988241085914,0.987586849831188,-0.501811179154287,0.224764321644825,0.0937509523037155,-0.0569199856873782,-1.38880465249586,0.450458485036219,0.195640774898076,-0.483848248027247,-0.547569646685893,-0.605746705578945,-0.275375708418098,-1.21240895754277,-0.34000820452216,-0.925595568115026,0.612835157439018
-0.580822816282904,-0.352248585606966,-0.539349150870753,-1.05380563806116,0.147447796920592,1.3248379363589,0.416178739093786,-0.0973828620003004,-1.69997494983239,1.17371216591429,-0.566058899959067,-1.6977411719687,0.718028158478239,0.889797780548972,0.0847110009395316,0.946794417649206,-0.36268843236638,-0.77987901549734
-0.490749069440018,-0.949335989366922,-0.400093409408093,-0.22935057852678,0.320744460017984,-1.37198908839653,-0.0404949693472111,-0.881205992497857,-1.21628213910843,0.620481355629515,-0.434302778936691,-0.74602685919157,0.691793568821346,1.00352906446135,-1.28792414808983,1.0115131818874,-1.31828548243066,0.516253082796404
-0.738979336580256,-0.434242804581948,-1.30665893460775,0.431266263355684,-0.0551918486401909,-0.00184447792407512,-1.10448638091744,-0.764178813249634,0.581547165323128,-1.14210371167731,-1.52178147612926,-2.65236159849107,-0.584500843498369,-0.808930400922346,-0.260319910563283,-1.7119401365378,1.69918607327853,-0.280584917140137
0.0597464661952686,-1.39012568704622,-0.340348374476001,-0.56812782477005,0.273594715044091,-0.939226785661132,-0.916988668809093,1.16524310007678,-0.614874700740384,1.29637694753828,0.85145732767878,1.10534365282544,-1.15314975596171,-0.285113425405666,0.291793653097368,0.46202240625625,-0.481739819264235,0.694479488298806
0.992188674815174,-0.7023617329034,1.36615257629731,0.365319381653127,0.502499280818383,0.544030747101273,1.53855628371845,1.60795728909452,-0.0679933851902447,1.14390080299163,-0.154736204787969,1.55892901169035,0.229912272853544,0.436683325286808,0.427598998312723,-0.339306523946705,-0.793722921050373,1.1724635720974
2.26569054038878,0.846139351105288,1.0303035163902,-1.35465464820766,-1.28177445814469,-0.206105189531445,-0.9259252671762,0.62675785474558,1.42276730836375,1.26124905860303,1.06347244475814,0.852773902575762,0.379623119787707,-1.74680672922095,-0.518707780899006,0.24205048133797,0.581354921919686,-0.714165097944186
-0.355795849254013,1.22633263217911,0.664024634479676,1.82002956443092,1.06540787780598,0.856962447091095,2.44795375234578,-1.04587618333115,0.717436865758092,1.53087092348977,-0.180658697504337,0.402758108480228,2.12466961465628,0.103698366746851,0.298786896699491,0.665442382786091,0.298350402462247,1.1344710364871
-1.8805577309053,-1.31706690292167,-1.87396048791527,-1.25279801418953,-0.57114989647481,-0.965132278841265,-1.01491649792066,-1.17695259159762,-1.90553027001201,-2.64999475952495,-1.67339700316004,-1.19774428594132,-0.122066785796818,-0.689402142613258,1.25883969019114,-0.850364974843385,-0.408982486946279,0.907497071391466
-0.453494871424715,-0.543993835066937,-1.72971119953469,0.9274876723733,-0.29230513488328,-0.202059122949505,-0.310197547577409,1.84251231044173,-0.681614662658093,-2.28165391896334,-1.62062853190824,-0.427464989277597,-0.0768919872234352,-0.0838521801497687,1.25034724095363,0.645954446035068,0.279223681254578,1.2810176964012
-0.347259621960623,-0.382539171418998,-0.618011621631888,-0.596416471614497,-1.38878129911363,0.372678287340014,0.39399324762675,0.399431086782992,1.54961393420161,-0.413937668070241,-0.535807231081584,-0.846093291991191,0.0742617215699039,0.420773225542832,0.30904086749841,0.0573152034348892,-0.0277899617941017,-1.02316514030106
0.442528680774174,1.8731500327235,0.63980301425131,-2.23921211421356,0.846151209821462,0.0454738799831875,-0.719912187038168,1.20419137045242,1.06452675851795,0.491244869765602,-0.638130055682018,-0.143446508743579,0.201037322776074,-0.196803103168775,-0.026623881770205,0.00680214479059594,0.714361083731891,-0.0367051206839528
0.139765735416148,0.474721303604903,0.705018515625021,1.83923782819311,0.330208011397634,0.872244785666365,0.0703593134294337,0.0605730378415149,1.10855266934076,1.18776975859016,0.415994591579939,0.234893180939201,1.6527368300157,1.08610687727645,-0.659597426133083,0.494589203872144,-1.64783279570384,1.09473085433813
-1.13592398347316,-1.14121641250609,-2.30827822606227,-0.493852393183879,0.814491787270443,-0.0995395413661766,0.0673554432653023,-1.33626691633887,0.8787439517133,-1.53847715915408,-0.0556030472863587,0.409888305146066,1.14510292856361,1.05891063587076,2.24893607814572,0.17303472260527,-0.223734762056299,-0.472542088272228
0.958696019589227,-1.28150059630723,1.09100230183782,-0.582985915452558,0.898942342968676,0.277784491796774,2.7499643356494,-0.19817900110351,2.6544038540176,1.05646314314595,0.462190520313947,0.627817143606696,0.67048753152469,1.19164787575079,-0.0424274957166348,0.486514820728467,1.15964894595104,0.66445651409517
-0.881123572007425,-1.96421497622584,-0.787293221806579,-1.26777406749204,-0.436320404155317,0.0770588823835075,0.281882088072688,-0.115469440682409,2.37407894337061,1.12427485238588,-0.699326513564205,0.0866781518691971,-0.163044410899882,0.729748158545259,0.439133289529806,-1.29538137465042,0.409682400468811,-1.25992935763028
-0.354408766350482,-0.0576859495175625,1.88888630217966,-1.32217003573112,-0.130279303792456,-0.41459483758165,-1.56225033227539,0.404375038557275,-0.243770048361361,-0.582695948066593,1.1733845391857,-1.13392561688267,-1.24967813770277,-0.589152792816783,-1.57834200582803,-0.589646508520139,-0.211905020687331,0.901567416775278
-0.805755383129236,0.0250343065504712,0.920399955765533,0.202407164815614,-1.08718076305053,0.10026822774285,1.05231494862861,-1.87244108254036,-0.492687625151822,-0.854580032909461,0.94819989169229,-1.23680635883808,0.786051769248054,-0.518784546018447,-0.045721377735544,0.0996022780826521,-0.841694984532586,1.14763206601021
-0.0725685715090268,-1.21241437350234,-1.67440768258214,-1.83590632341829,-1.22483499692415,-1.13705904526736,-1.69408319886535,-1.52077174486732,-0.924193646881665,-0.993189104813429,0.61975789837932,-1.69987074811632,-0.930244442907851,-0.309917101112471,-0.443557218023018,-0.346310233055942,-0.775779626225148,1.40238062275531
-1.93273449510989,-0.733352029355359,-1.73674773025751,-1.06000004624047,-0.495041246564807,-0.695977557185886,-1.2825434282443,-0.655145357857464,-0.147792176249204,-0.840842544659165,-2.3723024791265,-1.78690711063202,-0.241073189935242,-0.556242127943644,1.77223816004674,0.534009560983986,-1.55407483209923,0.101678816145232
-0.639511483898602,-0.916564967282791,-0.786703967194934,0.925063620712163,0.208162463499923,-2.62556134678242,0.815516490552399,-1.12304265327018,-0.910620749580245,-0.752191956513456,0.346496853452595,-0.694133656482156,-0.973946631487396,-1.08881712270289,-1.17294200856473,0.233767339036079,-1.45009645561986,0.511255388770992
0.536169451318908,0.479975707843003,0.752477889143075,0.352578452126319,-0.669027976946709,0.191342370939966,-0.662298188714996,1.59451427776109,-3.05488071864345,-1.27361156276165,-0.000419845453667873,0.225887641426384,0.157413959812749,1.11745428001797,0.207162185334841,0.987905201558621,-2.02437392855165,1.49002059079358
-0.210964470563717,1.47494248790881,0.104111674705131,-0.563807446588368,-1.51305153447731,0.645832077878969,-0.19291074920425,-0.795308489507232,0.297370757747912,1.01519781521397,1.26325575128902,-0.502675100905574,-0.440962858232539,-0.0802789724515085,1.21328429202434,1.42417349268137,0.625135092665896,-0.67020152116998
0.450941033186289,1.22144892204259,1.16232966958254,1.36840417735925,0.387644528623819,0.356000226855403,1.19338136028944,2.23169267974143,1.42014022604179,1.23739525911113,0.875442399438428,0.100459584796061,0.268558457194128,1.82782332699981,1.18876178448989,1.51546285886652,0.560391525484775,-0.137396380065517
0.393767588052974,0.187620025173844,-0.431092773578045,1.75847286166655,1.06688985415892,-0.100066941403456,0.0238123835171483,-0.713735271609748,0.390378224490213,0.24523495567751,0.41857384128035,-0.141242487623693,0.674450511803033,-0.216614723915241,1.2345198287447,0.792446032681781,0.313808185741127,-0.0742404617154676
-0.990621931178222,-0.45349008957041,-0.50883573667318,1.77169016626727,0.861611663897316,-0.557396235505874,-0.00310459968212029,-1.03411184470923,-1.06959306659945,-1.07304709111378,0.225793895055629,-0.256686417729941,-0.849768393767354,-0.55333056987777,-0.0830967148661401,-0.390606481548974,-1.74280355003343,-0.771400091956306
-1.17140702123054,-0.896709599798131,-3.01254671208475,-0.0482758419223494,-0.762646254329441,-1.25896605015632,-1.31919251621797,0.402199033419104,-1.18651044557623,-1.79795531336434,-1.54911248030916,-2.21657467187506,0.408095272795934,-0.774208651408482,-0.28019397490978,0.668462785417189,0.88711828131813,-2.02234489897733
0.828067228486164,1.499472882345,1.51313100740418,2.08358863506524,0.48809114114701,0.868482571828289,0.36577028183179,-0.469546553794052,0.214068877935207,0.486525646496372,2.82127318948832,0.699056917196306,-0.345680564341584,-0.387019156100472,0.39403486127612,1.34185513997757,-1.21125171680576,0.745647212203328
-2.07737844673579,-2.23523312112728,-0.522173084719341,-1.37727036619896,-0.568611418664121,-0.902637324529417,-2.01046679158343,-1.04133952177126,0.0796738023305083,-0.437977379004364,0.0875061473299064,-0.466048118670728,-1.06210574561869,0.556256225662649,0.00813807462373476,-1.52152929221819,0.721330202072233,-2.74623053144783
-2.27773026802483,-1.74705046998277,-1.05732925447513,-0.161291829644753,-1.96053756072204,-0.829095598573001,-0.869371668152188,-1.20084675481368,-0.304755519020359,-2.61358663655546,-1.37852907794404,-1.25643996310651,-1.48089360563534,-2.01055282180692,-1.01473461784553,-0.984078889400353,0.346195446061114,-1.16300169280289
-1.77786284864721,-0.906342282778348,-1.00880400448721,1.4210397421948,0.31821971624107,-1.46799094822942,-1.45240319291921,-0.997352970924706,-2.53202184934979,-1.19992862361303,-0.349458219923435,-1.7746644300584,1.21265275865486,-0.293246475066954,0.210922758477849,-0.673852744898964,0.314964735713269,-0.808495737806333
-1.88300965125821,-0.747803165757812,-0.457899719627166,-0.908254847698479,-0.597833339766247,-0.903369293112193,0.367909164126251,-1.062892082261,-1.97176730492247,-1.88417687261652,0.0960999191419423,-0.612925090352829,-0.768519057998618,-0.309652588989892,0.388474309428073,0.166395226618543,-1.36831182919057,0.38420997148081
-0.387084624236114,-0.965379141254834,0.0425427342313973,0.773205997777796,1.32957949333516,-0.617353574469742,-0.665054573451426,0.753290908561561,-0.842040408814543,0.138223855778078,0.00168297920949983,1.01021771695982,-1.66962320535112,-1.96014272089795,-1.32153162416117,-1.71024751355075,0.929345350216046,-1.44730442513749
-2.23244801151087,-1.6675453936249,-2.27077483914119,-0.826281878607395,-1.49067839459142,0.00665433627858717,-1.50800789905635,-1.13609514860232,-1.88308481319389,-1.40693506533944,-0.811155121436935,-0.0781230458257853,1.36447965528437,1.29027459923758,-0.449460527381477,-1.38270167045278,1.52388832995713,-1.81176763144419
0.483729819268982,0.516780265227943,-0.706153292844163,0.517936419399091,1.04561787924643,-1.12270318507916,-0.457134209100857,-0.0803263250682208,-0.0801597077747719,-0.0153671128861855,-0.506074592998697,0.499312802843785,0.474850095373903,2.05746432638672,0.96675903903711,-0.408323666571711,0.472538227780687,0.508022933694079
-0.0327943466669697,-2.140920579932,-0.610039962533922,0.084272294245716,-0.329687828648555,-1.41679805684794,-1.98648889432614,-1.54609445686076,-0.0670425801782433,-1.3207520773056,-2.11316940008966,-1.72767975473607,0.786832314903267,2.44389515815252,0.845499425935503,-0.0352970083916869,-0.0243109987323334,-1.4767214886563
0.339667237328423,0.460034698157826,1.82485699381589,1.55696588655078,0.563060385626952,-0.228618508553612,0.514017288080817,0.537023932864544,0.331172699701215,1.34661391683769,1.50274473255069,0.683502854054252,0.594811807380894,-0.1206320658256,-0.564738425131444,0.0988345377593253,2.91703489364437,-2.70806626538259
0.200602516630888,-0.730760836192775,-0.45304024594141,-0.473006313713131,-1.62605942997277,-1.31937062774769,-0.971296980291769,-3.04922450397337,-0.42214892677839,-0.87499616366572,-0.0139360995727543,-0.73072853289874,0.643404622465542,1.14690601951334,1.7623248983115,1.73755668791791,-0.949222880487651,-0.589660187279722
0.374405275594852,-0.907543184638729,-0.788015175597266,-1.0869551940783,0.629078161577982,0.229066392947671,-0.0575439965478681,0.803503620630506,0.558517933392673,0.552514697087459,0.69330508779929,0.916070574814143,2.69614172603671,0.502552919266899,0.614430187887467,0.497965456922959,0.143355780509941,0.399818619681321
1.42191642442641,0.0902329881353498,0.218466249022215,-0.334039912475259,-0.299183592316001,-1.68427129439188,0.596925320019766,0.819945295812406,-1.16658071177611,1.08462978900149,0.69826489512983,0.371320548148899,-0.337886885487952,-0.473517127835598,0.420099546521529,0.887095363251856,-0.0881014476087298,-0.317393416862754
-1.03918395458003,-1.9226941273835,-0.432929063504346,1.53733245116492,1.88287898687286,-0.225124087821384,-0.328265398942695,0.0810193719871593,0.0604817290132616,-1.36944975245827,-1.52541513582393,0.12773033340982,-1.61069557835498,-0.00908537523097333,0.39322513188731,-2.07491729042715,0.146744037999761,-0.5113608469976
0.288042075892385,0.576769088776054,0.42016186521331,-0.539892112943555,-0.962802972381043,-1.53823595974607,1.0096531047303,-0.164080772312928,-0.68435105854573,1.23775238955369,0.00592526992648409,1.11532211959338,1.05230261658902,-0.0738248139689708,1.02952855598457,1.15257350067761,0.417960909574659,0.94489444299876
0.615635008550871,0.0384460418012922,0.739571271772073,1.13146866829727,1.06350502405307,1.02045656580511,-1.63113000667656,1.0208663067249,-0.916781540385484,0.0493870594711328,0.00385863287781747,-0.607215344328828,0.276398698026196,0.509133426990357,-0.774716663525623,1.12216674963447,0.737349643643517,0.318031797026523
-1.44245446428845,-1.57309051632884,-1.49809608029217,0.418008222420445,1.07934223296153,0.70231663731863,-0.938321304836195,1.16457244986187,-0.928330476181619,0.271950360775908,-1.27491637152421,-0.838899647271419,-0.521374333483385,-1.30617501611412,0.0978623058378981,0.136224990563128,1.08849089956587,-0.953535202759524
0.427138738978925,-1.68959454833453,0.593988606747473,0.180221805124632,-0.109782598867494,0.295256089145244,0.0823920806522499,-0.649996915324259,0.608570604394938,1.34278344764369,0.530356830760628,-0.364684018022185,-0.10725096189868,-0.838054956812635,0.987954195453521,-0.0744491644874583,1.74919822291714,-0.916720400780762
0.370375944182734,1.83460815211643,0.277346629075414,-0.122889119815579,0.667549690171335,2.42950749252205,0.816847410203892,1.38741422263025,-0.0931542984454298,-0.052385918379618,1.2264428177529,0.807313052900345,0.351324643886326,0.0683722999641868,1.21311551678519,1.70754483121327,0.387697281668477,0.261175016498808
-1.22570885811668,-0.323512279625193,-0.994672501020358,-0.715279793116781,-0.626856114373064,-0.20807226688108,-1.55882595660654,-1.87296521777843,-0.719134171192598,-2.42262231525754,-0.959340469442417,-1.12409373608329,0.437971157605177,-0.719507089919343,0.234658825537605,-1.24974003309909,0.0021215029196667,-0.196094171663604
-0.0121043260174334,0.301739570816949,-0.330103854261941,-1.61732178125817,0.445510060729436,0.510991448319383,-0.311359469730164,0.703577963912473,-0.122505974365753,-0.61649891976993,-0.378798727794057,0.964439573184023,0.199674745196199,-0.731360845105834,-0.843809874262815,-1.70160102695618,0.695208269639758,-0.455113326926958
-1.5915580200039,-1.12209599585179,-1.19123077715057,0.692756544524935,0.930356739126888,1.05341735772272,-0.435258236654847,-0.336475053185741,-0.566304636893428,-0.578830992542505,0.106518930905119,-2.00355537334296,-0.188612233839523,0.580152782242198,1.26612492433305,0.338653381785203,0.713255673763528,-0.893430130976855
0.0652628103742252,1.73647192509306,1.10859406233877,2.68956188010799,1.12194471302835,0.942491218676628,1.3347647135149,0.406906538539266,1.05948371436958,1.38044204896567,1.02448620185712,1.65836865564853,-0.191271068709938,-0.526446560310407,0.93904163345832,1.25618506649655,2.07402466352732,-0.191738486210468
-0.626000052788456,-0.441847196231691,-1.4695706862063,0.328718279417952,0.554416096587076,1.34339862675754,-0.711535362777037,-1.87809991210254,-1.23462363787615,-1.7400432715275,-0.362291343475033,-1.49614558461987,0.567896142705301,0.0659309363444812,-1.36503566471783,-0.145558037872411,-0.380871298711585,-0.622667747066568
-0.662097976358862,-0.661004044128613,-0.523978417566394,-0.23920626221469,1.16074160360873,-0.27655097247767,1.57540286337381,-1.8694231665122,-0.472062809313114,-0.010971302254047,-0.188004899384303,0.847854823880312,-1.22517178670907,-0.135730276131669,0.014316555635924,-0.561001140574163,1.22221114142296,-0.879636173213521
2.30614606474473,1.57716024379679,1.06072911357724,0.979170613364647,1.26232568421037,-0.183617991066185,-0.461557458256842,-0.513775523887714,0.581022059778847,1.23194246452487,-0.964205801553092,1.14973929510188,1.35941952022789,2.64697146725826,1.91318451657444,-1.19158921049929,2.79320020962103,-0.425879345855436
-1.49609776223489,-1.59044695798173,-2.09629387765403,0.751086781976024,-0.344743846296606,0.338096838900541,-0.974548283285108,-1.12060494579939,0.57662701165538,0.899530320631487,-0.106402730382077,-0.15505597028158,1.16001474558459,0.737877798445563,-0.0310682915525078,-1.1454702437417,-0.974806902772543,-0.175178995206922
-1.95611673057922,-0.481873804662603,-0.13141650534352,-0.923763382981726,-2.14802173572147,-1.55116024767234,-0.696676198827412,0.374299831499675,-1.06496339536737,-0.800179857868586,-0.83765541371056,-1.10615187058012,0.0349382352134897,-1.0574758416864,-1.34589244814928,-2.38654450923504,0.715549090770525,-1.91477950028574
-0.271075292934239,0.982303328255927,1.57897429044604,-1.45138294105977,-0.389927985720089,-0.660432124817973,0.441249602585538,0.629347540934924,-0.294146300662031,-0.90943335047611,0.473790223484277,0.783534447377838,0.0481807214254235,0.417225371398771,-0.375640271331937,-0.780475329281037,-0.134386930023101,0.594217052846728
0.816690029002463,1.06169922970749,0.873671131196005,-0.365161728600138,0.277052350821866,-0.275042925585018,0.31789287606825,-0.771309912940288,-0.0946295283507832,0.190441134502436,0.534415958571197,0.257387147568495,-0.259974861307499,-0.681903875717534,-1.09781570407075,0.122554220626606,-0.427704302394964,-0.35942151315012
-1.17661934043555,-1.03224902429476,-0.50431537058905,0.784297468381297,-0.599586166773586,-0.687187678517035,-0.720993040912465,-0.823849504782525,-0.342930000365798,0.769014930126734,0.75242663138072,2.35193253459971,1.42943529727124,0.429968272715195,0.0330116959071537,-1.43692577826618,1.0036784515611,-0.348962249117961
0.183248915041729,-0.136871128164094,1.7176999582073,1.6005696773775,-0.206079453931752,1.26647485907746,2.42524705442663,0.90774257214041,1.79012121988457,0.245920673330919,2.3329398132061,1.83269664473185,1.03060276159396,0.819585794400108,-0.102838456845451,2.69942221299767,-0.900860539367379,1.84368922928352
1.74934066686157,0.623625081529068,1.06388260465174,-1.85843197828832,-1.51108321667646,-0.255079098760479,0.337389695546517,-1.32825748349305,0.438628603425403,-1.30122858521117,-0.743343280081354,-2.00796018103447,-1.66616088837293,-0.781982516307824,-0.430573230492809,0.907135642981471,-0.0659930705740338,-1.16131351918523
-0.894346883537555,1.24162333922976,0.474455487527438,-1.02936122710047,-0.853832730912525,0.148813888475759,-0.689042652367877,0.298262315718223,-0.854574921444908,-0.922175618447429,-0.960328372885725,0.337301311967097,-0.693709183486672,-0.884804892007726,0.0595567189258485,-1.46356703585265,-1.58269258661321,-0.801072230726952
0.276103192247071,1.30049614480547,1.13354197486382,-0.267454684357524,-1.52472592258373,-0.0770047702985749,0.523851631743989,0.49794425586267,0.794924195850386,-1.93617673381062,-0.966475908332007,0.00926419051906782,0.201446717916848,-0.562683295790188,-1.45991268022296,1.00590585310414,-0.343606072584313,0.17148208663389
-0.784749190563761,-0.751079054836101,-0.561923380745725,-0.906868852579536,0.588174923572829,0.452328155881119,-0.227123323460326,-0.127445507916053,-0.688771567175339,0.0340218689448135,-0.253351124167077,-0.8199252162162,-0.101179105539294,-0.118749900542066,-0.571268053815387,0.209449887576763,-1.39626788520189,1.47733889278097
1.4240819094526,1.3366334245738,2.24359754734694,0.140073506165066,0.411259672456883,1.60031054757548,1.42763238155752,1.01316036219491,1.26817519856114,0.781423443369376,-0.164612614754979,-0.953283683352775,0.885101904060898,0.326388141456108,1.4082553492269,-0.597292724352312,-0.860989881134852,0.695378859148244
0.382968676524614,-1.30703627890067,-0.879286861470227,0.876062133160726,2.65638369947382,-0.244585732099574,0.320986506004662,0.464768915544231,0.618041606612395,0.730335201698446,0.594127796111585,0.91257808024732,1.35467932244495,1.88871253467696,0.624775371669342,0.412313252854671,0.515526489984328,0.723098270529546
-0.870959667045294,-0.815724448130394,-0.191090151249748,1.48608551173764,0.642844925750577,0.49257069857351,1.1436121809056,0.240945583092947,0.613397032210262,-0.702646359012582,-1.01402730906209,0.319552160018603,-0.695561553395665,-1.23108940800343,-1.3366713924453,0.392634778814237,-0.951417738419686,0.81391570220895
-0.294930665285049,1.9340863100755,2.23572390147889,1.5964366898707,1.78068565991383,-0.147072063213692,0.411285351637566,0.129969115408457,0.140536346009511,1.66851735463003,1.02222721769278,2.19911484792986,-1.44002163282073,-0.207776347407323,1.14518899238554,1.32459206491738,-0.364121494148416,1.57330760774396
1.94422382899285,1.88589192540719,0.541128481141396,-0.0990901072569689,1.74173291881828,2.15749882190158,2.46904551081383,4.04833560745902,1.69972381494043,0.769473264883393,1.28553835815144,1.53333324218857,0.931521179368594,0.0479632189781277,-0.165138975924592,1.57750013195893,-1.51182072093157,0.415757440404925
0.255225367771545,-1.17082092112393,-0.59856837490584,-0.512448969305776,-0.724871710564712,-1.92402530544733,0.48321133620974,-0.146442421801593,-2.77565054577879,0.786187757405583,-1.74780431519545,0.00544417743522722,-0.192525602503721,-0.823387489336058,-1.23804865171497,-1.26514229386611,1.03672578092253,-1.09252606369223
0.211298417023522,0.815341591042638,-0.390692449965749,-1.93536363390658,1.02910014265981,0.149252193765497,0.583818072641393,-0.0927598007076792,0.116843480625547,0.628662307987043,1.16407553658438,0.496549503756818,-1.60984014239091,0.866359763641436,1.78411099856464,-0.598866429763728,-0.210691594903557,-0.605442677428459
-0.590022689188751,0.482485992117688,0.749237670861342,0.420758281932951,0.91139897664807,-0.107151837691975,1.15898435869937,-0.116869796595671,0.499216455904214,-0.910806665025683,-1.53071890500577,-0.995237688734818,-0.45816376710146,-0.198377216565196,-1.11982789668239,-2.27622437475689,-0.0908207438970144,-0.827789771852624
0.274505374385772,0.477332543887904,-0.329977179303935,-0.153262578401963,0.0100456353713033,-0.278009706740329,-0.238851063564487,0.501855507832928,-1.80991922033241,-0.419534508739572,-0.886878800663695,-0.107534806117699,-0.103202402839245,-0.891622183392887,-0.446603078469285,0.538388796777991,-3.3488997801034,1.12723183997497
-0.220955052046738,-1.3001657482012,-0.109754744307275,-0.00208462951563732,-2.36659719671922,-0.0283877934272,0.269005239438988,0.455267365018693,-0.561089908447158,-1.76694742071077,-1.66085769847593,-1.13110566803265,0.447084323882689,-0.108063768274205,-1.36067107237197,-0.484765474859042,0.294455291585859,-0.532746886867344
-0.851182319682126,-0.914815621764163,-0.118673918042439,-0.701039678187208,0.364403885194156,0.663558138124632,-0.320445308219845,1.16411239627273,0.594202407559389,-1.12459714623246,-1.68402629742503,-2.02229629794435,-0.241207424627467,-0.181650851512183,0.130847962996921,0.143432647707956,-0.772565904452998,1.07979581172649
-2.36824760344754,-2.50199470499747,-0.906962599471552,0.0136513077779331,-1.18784220169149,-1.32177097441788,-2.8903902073259,-1.20999520581424,-1.31707638127295,-1.40264106755127,-1.46735588908797,-0.412201846764957,0.153692772114916,0.542544372382612,0.985243751787861,-1.29233774996327,0.141868304657105,-1.2714877864036
0.975479103163616,0.755741475226893,2.27191153859775,-0.157278151741715,1.02724630586699,1.42793119090965,-0.238643035829364,1.32206581053988,-0.0251634387745294,0.416863872893637,1.67750701174082,1.74670511143708,0.447726233264889,-0.0437572901144268,1.14322609717408,0.685064588847747,-1.32339517010564,-0.644037122299289
1.43016836087405,1.28668102265647,2.08406543584205,-0.228240836947809,0.580821794947898,0.33187798502808,-0.00855870342866909,1.24647821720117,0.581035506925356,0.284365403887419,2.15840062651101,0.705736851131843,0.277983611301399,-0.337172916225698,0.165359464973799,2.11250064305108,-0.740768389719947,1.2025245437166
-0.75610017057616,-0.937725816141016,0.669874880503528,-0.47651775869729,-0.821446213356397,-1.35997807767236,-1.91766534527324,0.449887150237428,-0.177029905458222,-0.186497744201959,1.54292102012179,-0.2702026749419,-1.90703907628617,-1.23312566906521,0.164700344831541,-0.0589687294276611,0.423966876173927,0.46402765349215
-1.0980919227203,-1.38007573443665,-1.80417684841867,-2.02809203413867,1.19969815134704,0.414471819504043,-0.267199939907901,-0.206457062838582,1.76920392211771,-0.0129309693245,-0.815267728232513,-0.233367807505069,-0.366624883598171,0.220291920196148,-1.06788801105647,1.682367688319,-1.16818511049305,1.263297983758
-0.403793274404719,-0.34503981593579,-0.556090251874104,1.27153290762391,0.987237994291266,0.730722917159647,0.00513543880357426,2.19967138580118,0.656068153603466,0.07400328580896,0.322460302404024,1.74843395354133,0.81221470327231,1.11075069004549,0.879328758656795,0.686083172485699,0.630564611547044,-0.0420657604319335
-0.639264518718333,0.332074824938141,-0.352350692145134,-1.63311943305927,-2.17241056935247,0.274847449545298,0.449936578472474,0.74073506071216,0.984507492493527,0.287489009965182,-0.98150542627123,-1.5185892986846,0.790652725730924,1.12175769308151,1.70635116372537,0.59784047647734,0.633206634024426,0.406716369264883
-1.21964549662625,0.968931994263236,-1.1951136890984,1.26483019665856,1.86799133749918,1.091846308896,-1.761150418624,-0.437394153981775,0.709574824539065,0.647339130434268,0.192642108715087,0.0880131485297419,0.0731378774825695,0.0443249370172475,1.01164933165784,0.837004021132194,0.229304666444849,1.73230855579161
1.19893368543929,0.32764798683053,0.786765502553408,-1.65930213398663,0.610853068398239,-0.296220462120476,0.778346651232675,0.244284825197683,-1.11577354600079,1.98879294278629,1.44777459321935,1.15933186032867,0.589367428324503,1.28834443238984,0.637177205008997,0.593694329586726,2.42947674300984,-0.540874031971592
-2.11254201372817,-1.89151271494168,-2.14396107636554,0.490588167744979,0.131995231543681,0.182290456330131,-1.265133954493,-0.0546821092618793,-1.58909223690285,-1.39356590671292,0.298046230589371,-0.405569939698373,0.0792856504427299,0.66603083309218,-1.00485307201337,-1.57952906134225,1.0208753626542,-2.37315966023414
1.76208606554423,1.82456336724258,2.99922689298741,1.60401027504333,1.59334789579372,2.25961597226824,2.10207362565892,1.24341661867985,2.99908290251221,2.63978071980883,1.59784443868963,1.26110426038369,1.69322557821397,1.26676872057641,2.33792723993102,0.974937869244472,1.09766988271344,0.539125149602281
-0.857189525457547,-0.184616025389888,0.42984042801307,0.272201210249968,-0.131326021272992,-0.855512794741737,0.0728466780796367,0.627510750059943,0.861414113809086,-0.0489936445838062,0.234213240265277,0.8342711948254,0.537194849558947,-0.33593507609065,0.45842590757272,0.385486516738265,0.441211294395556,0.427551057000085
1.39833957535743,0.472644765665151,1.45055777095095,-0.747603481720314,-0.159027277824982,0.0329972790171416,0.264876189081807,0.831610288790854,1.0484847254664,0.134372882162017,0.53550476047483,2.00821667262216,1.26873951997161,0.32739724571588,0.560875524262145,-0.0460834897853402,0.866289673330653,-0.586807344894756
-0.341610430690188,-1.12876931823691,-0.493908916035884,-1.28438131910379,-0.101277651260854,-0.0636840950972446,-0.195189390296379,-0.939170810559342,-1.99155748762627,-0.973503600329271,-0.586463625146179,-1.84268490985956,-1.51315817847064,-0.808745698886768,0.0260881505491644,-0.691291453954326,-1.23626252363901,-0.460202289774612
-1.99327484492173,-1.44369879453774,-0.965357710601234,-0.640022108340648,-0.969255126020677,-0.343520304560982,-0.50987785989014,-0.577557805806017,-0.366093009536904,-1.09146931206855,-0.926583234426302,-0.877086636477734,0.0464556580404579,0.306074316073707,-1.38612008632611,1.32792585335636,-0.771979152643345,0.022963910871632
0.719873413162583,1.13518656138203,0.536409031131491,-1.0270850159825,-0.364085852448676,0.676714577564075,0.76487141310358,-0.968374528979426,1.17252650170734,0.00459204791740743,0.307222658136088,0.201959467891712,-0.237578086456759,-0.182810212941238,-1.27076233109899,0.667761664269146,0.254145558981564,0.431903624160847
-0.109726779045401,0.69158098604682,-0.871572080881869,-0.74251959212802,-0.512237885682683,0.0846126889364038,0.919476228685423,1.03393253176645,-1.49212502687947,0.860047642987961,0.939816452384596,-1.48722214625702,1.43772319835772,-0.510449394217408,-0.735055835141942,0.264958548615552,-0.039945267180387,-2.31233662921704
-0.16917065996873,0.742213570593786,-0.0507244857368063,-1.00610180154031,1.11228089203873,-0.0966785417338964,-0.759844178530931,0.15460711362834,-0.959179955035343,-0.680498710122745,-1.39292532592601,-0.288596372696706,0.241779480882867,-0.184162800128137,-0.463935317410678,-0.616337644546897,-1.57324767164055,0.545851265563786
-0.650261379131272,-0.478254843683447,0.426370763685386,0.475853501754393,-1.23276886088936,-1.03927926883475,0.00908570754937,0.932410237625321,0.215365667940527,-0.179760614224446,1.77537678395254,0.76846419448345,0.916982660176584,-0.537138776702708,1.19852138690963,1.43063708656156,-0.438255629644555,0.100173986461729
1.80640144289598,0.806040618053184,0.174887693762425,-2.93009732188146,-0.0428158339839001,1.98525095343007,0.604959212919003,0.145249454855919,0.537602395306542,0.997902938324352,0.913452937423643,1.05501967935908,1.85209612619333,-0.12860637509754,0.297386212764125,-1.09632441339124,0.716186167624613,-1.8813386283969
0.0525712469542295,-0.906049857726849,-0.248269232411497,-0.541359315495362,0.478363076648256,0.661570779989969,-1.1936801931978,0.223222851967303,-0.422582617504754,-0.354109465006659,-1.16517226442072,-0.364915777115757,-0.897161775577363,-0.404774123267719,-0.369714272112567,-1.08993614973986,1.44054864386014,0.66798342074
0.92140974442303,-0.572046599579766,1.63406532389134,-0.962621490200703,-0.811051472707397,-1.07346727629072,0.732594841066993,0.192438985332512,1.33541945250543,0.393578598547249,-0.0945832146446099,0.449886326809795,-0.759598359083799,1.32068945326539,-0.0248567959185511,1.47704710711434,0.594145045696686,-1.46970992335146
0.525345534956527,0.636622310139092,-0.728788478336661,0.881013680214438,0.751500272001615,1.77196312079142,1.00804793915255,1.29950359029547,2.80307518492695,3.30846701825729,1.96242689706625,1.42968503246025,0.910067964909107,2.12845034762111,-0.680897441667374,0.604538556103688,0.454001211462777,0.175445053326594
0.919936590023878,-0.744808219208754,0.0144660001052112,1.01529292220915,1.00482404976499,0.124691195457512,-0.266756515894433,-0.0951761019227882,-0.36338952382635,-0.211430916139778,-1.44147318073435,-0.657374843042219,1.08429261836964,-0.965985595760767,-1.14480609909668,-0.283089455614096,0.842668885483746,-0.287644329356665
-0.666826125328669,-0.409457230284865,-0.818047696794757,-0.806467896722446,-0.654112976018803,-1.9093547450398,0.211885533687546,1.73127833271061,-0.576341357583228,0.889543554850246,0.964027359496746,0.331951074093169,0.165043321827163,1.59044071055625,-0.405612295693475,-1.69924594239277,0.368191106218952,-0.602473804846008
1.22257921908288,0.688186051440155,1.401813551358,0.633178153802838,0.437965485339349,1.70276868486623,0.023567939708137,0.721878326278098,0.355709619287772,-1.26584045616908,0.351419856713397,0.496109811131184,-0.599421860894473,0.263340986315479,0.31316537793164,0.0831078341681836,0.180130228447478,1.45253242944409
0.230753045020115,1.0343343711137,0.760990268015942,-0.73502007084061,-1.62075113294965,-0.450398519523035,-0.359243900974269,-0.355567274750454,0.40495378939171,0.0663309746612703,1.24270267897379,0.734582241517783,0.0470863598205482,-0.357259283880448,0.381290546901352,-0.0369878742524199,0.372908881802358,0.732793642335408
1.09794102235198,1.85190475708403,1.04922494533799,0.590502781426941,1.06725553345672,0.85392069965276,0.374678738117102,0.565522987415064,1.61327740646968,2.83656742668343,1.59997782134735,0.987161694006905,-0.661575152392367,-0.147486399531999,0.229581393286055,0.204443086435031,-0.235550226551933,0.967634131456313
0.374469458865728,-0.16195050907069,0.770177784966172,-0.0161663154097676,0.534229160409244,0.678644669031985,-1.17672048017558,-0.613952424687479,0.573621539081226,-0.951805872496948,0.396277373618651,-1.80350936133518,1.12491577655998,0.395028038416767,0.855732132948693,-1.24305223627303,-0.00228042109973065,-0.477796157966262
-0.0946634459600095,0.255759593422805,0.842909583921151,1.11390516681375,-0.563930370524721,-0.347517235745588,0.22864715596699,0.200052935307168,0.114906991212149,-0.0754318154871535,-0.214081932429745,-1.12990598277276,1.74277276242787,-0.674245913717088,-0.657260300241382,0.640471828674753,-1.14027172936414,1.24722970323693
-1.59167902341555,-0.958028659141037,-0.61676095403714,-0.486728554411933,1.69753856461867,1.27246319875138,-0.416982722435404,0.575774362081545,-1.57884351234236,-0.749127789317887,-0.699412488624368,-1.09200679835054,0.948835910501925,-0.570998322050717,-0.0354003517899689,-0.196820026394734,-2.17189430165374,1.7731956797979
-0.949619496841371,0.573413123119466,0.626264619214254,0.771258113796396,-0.917137585631491,-0.936864624846673,0.593649679590041,0.0173383491521582,-0.208016424974285,0.241437260450229,0.908029612996967,-0.0946245642125625,0.222184392389893,1.54434807286345,2.41332274650473,1.19490243982622,-0.862219830688099,0.782172478162786
1.42186919740852,0.409435022478897,0.92113532806972,-0.549864908344609,0.304377364688859,1.28494048751434,-0.0780931960287285,0.455175470397436,-0.173133031964819,0.371916882601734,0.208926474628191,-0.0537887447159077,1.38349045342651,1.31966396137865,1.2141225042563,1.76041006573045,-1.3813649250124,0.0879708270533107
-0.246697074427745,-0.147874088678126,0.052685154250982,0.238591740623582,-0.270385929028621,-0.809221021258262,-1.00618217324298,3.52532759572183,-0.694931789201033,0.122096507349475,0.0489382565249566,0.230909091809647,-0.190683548229788,0.946095966490595,0.370576643956999,-0.312619835498055,-0.180359917587733,-0.656010569468021
-0.740330877153819,-0.228051558345532,0.934113568607257,-0.185834803570605,0.120198813313991,0.641807687455335,1.02947714735214,-0.272885295896857,0.56657855204332,-0.329119895582931,0.216014772323384,0.726447773585465,0.263771000444078,0.602395955637058,1.52592666362828,-0.530634780819906,-0.498356663828987,-1.5836598280094
0.00331609392419182,0.106167437320176,-0.7397208725157,0.0408792388039261,-0.638295759021592,-1.40494686020495,1.22216852863846,0.103902519911495,1.35130326404299,-0.349112964441744,1.27214478136099,1.17172021443694,0.686377992935841,1.09221430768694,1.87064875197127,-0.907287874573527,-0.278909573999242,-0.545406383621502
-1.18813919144348,0.485772228345796,-1.1488459585262,-2.53845094677673,0.0640146331190815,1.19553098688884,-0.907775863073988,-1.91509996975492,-1.33232543142534,-0.161928816175952,0.0435464241239835,0.4993321395384,-1.66343047596571,-2.64800079508454,-1.44990288336206,0.182672716646114,-0.63359975819634,-1.63224508576748
-0.0405063031495724,-0.731820054470653,-0.981817702320947,0.601328322683936,-0.987795294355055,-0.630508751988869,-0.172128785585511,0.468091243801752,-0.484346500469449,-1.44899630878529,-1.04169857480246,-0.70942557482818,-0.372955777142008,0.869956614596964,-0.832508307522924,0.534637221885564,-0.169589023300909,-1.20669840688481
-1.23155699586734,-0.977997428183356,-1.97510380050547,-0.151819532850629,-0.876813358984907,-0.162662857761498,0.406309241206748,0.514123880928814,-0.0918707632114397,-1.21340045395907,-0.980637237218999,-1.31303610917213,-0.413012906947933,0.627549342426995,-1.24935056469634,0.582652575715963,-0.379446085737883,1.95937347232284
-0.451582243905017,1.41739666840995,-0.943524954556478,0.488849964696784,-0.656079808322816,-1.3777337248261,-0.84831204786378,0.296534009400781,0.251894562214505,-0.507264074044383,-0.540005635870255,-0.537425893239475,-0.730930253409732,0.586694694183158,0.511669889907988,-1.85319278459569,-0.660450569327013,-0.210956241733205
-0.71968638796982,-0.305315880085244,-1.03065836168011,2.59751670962755,-0.355362048538812,-1.45486865415444,0.090699856892024,-1.07457581419257,-0.221048353081326,-0.0299517715886098,-0.681727784161578,-0.525821411175345,0.300559429680366,0.509246594925509,-0.261141260142791,0.511897612813299,1.31462743685255,-1.81433948433693
-0.0172648767247047,-0.357568980654902,-0.152030551156269,-0.312982554047271,1.65561303086487,0.715330551962401,1.64869456763459,0.184960595953481,-0.699373467138718,0.860328745669489,-0.405024831224836,-0.481618864671408,-1.88932088648314,-0.797264580543069,0.0688415385204738,0.310775915468108,1.34844165266949,-0.526853928243409
-2.25648013280177,-1.23105281860178,-0.490939433775785,0.652186250917171,0.172816812361298,-0.0855185383379049,-0.1838609956104,-0.182922942076802,-0.877320852783037,-1.07212139797113,0.212684911838536,-1.04460292503365,-1.21859658904342,1.01588572350281,1.22941590914845,0.258275611813659,-1.53316264581046,-0.117089268130731
-0.118498858758324,-0.383216021198899,2.04120449882981,-0.186647911125311,-1.96510136479694,-2.30888637499966,0.146098453849463,-0.452593339708969,0.105199403900507,-0.364963558038479,-0.0534283111121082,0.635392731120936,0.748379955501875,-0.534909796790885,0.246495118330534,-0.984211033642279,0.865251381439052,-1.55353957534915
0.310641246332088,-0.878345399850524,-1.34190119652265,-0.77699631950613,-0.539496097347189,-1.15139939360485,-0.247533754179446,-0.193333645832261,-0.0133897811695222,-0.549859961155328,-0.451616729510343,-0.00106096304748424,-0.749596664260998,-0.722914181110633,-1.83437838225725,-0.33093429091339,-0.820689257731956,0.577708255259533
-0.772480880363014,2.36023508960001,-1.77321245897502,-1.55381539936593,-1.52321101735464,0.137489948231058,0.603366128776156,-0.628652297716792,-0.54268847916512,-1.05537988848522,-2.03929637970446,-1.3479265543513,-1.63449468486297,0.0566001342803625,-0.682115199870734,-0.296504027566075,0.189155604197383,-0.56373767268896
-1.34266173540358,-0.754997662962735,-1.79503798974954,0.707753421747285,-0.405169729657252,0.861379405200874,0.742265866062638,0.215290182136691,-0.790257272717676,0.885350636072719,0.507006744347178,1.95132248276641,-0.214036758799304,1.07369612861373,1.32748046075946,0.985573078311781,0.422851006873696,1.66100569642491
0.561817230526246,-0.631409091295358,-0.134521498486452,-1.68535519047697,0.683732790726667,0.957830462936198,-0.923931479189133,-1.26506829950815,-0.602038034643525,-1.32439319185979,-0.249262744545049,0.93523739142092,-2.61971281460055,-0.0297880925312812,1.0249639236081,0.446060422087312,-0.971410989897579,0.095672764182957
1.89330987155349,-0.371470178321139,0.215924623034804,2.44616334713786,0.405636516975035,1.69939296315493,1.84022928439606,0.777370605058692,1.24833836217111,1.68143499278715,2.18063326737236,2.09649477712105,-1.09614086136083,-0.435010347449515,0.830689457994394,0.368996866557863,-0.291923685488814,-1.37356062058382
0.63012865506797,-0.31075279218417,-1.7684783780452,-0.896466159886319,-1.31970741650163,0.428174452701915,-0.76301143418999,-1.76395084962787,-0.976156822160038,-0.784233637837667,-1.22048077974383,-1.06076027875601,-2.33641599003615,-1.05147207526394,-0.153201694309559,0.0214911997532019,-1.52326709152329,-0.477333098511732
-0.363968073852534,-1.60488223234435,-0.352793748400717,0.270091990476831,-1.66189908083065,-2.78326880844304,0.766382025908257,-0.349479100869603,-0.924098625031512,-0.970771284020149,-1.35576541824,-0.96415298273564,-1.01645966237316,-0.27219082094747,-0.87420124814544,0.771392371819435,-1.45223294904993,0.971669471203107
-0.826709619839696,0.986347022764524,-0.989040275962918,0.00733252533804553,-0.912106703394152,-0.516943184663817,1.01912859380436,0.675174516872531,-0.852243486539006,1.41319458054262,0.426182707884897,2.15722495123608,0.675234083644598,-0.204811620556046,1.76339697240483,-0.347429983179004,0.0793187414037438,-0.517693406158296
-0.976258808537263,0.234935282592276,0.843447341778268,0.878975456910626,0.804374158025496,0.0418564058647104,-0.875178394577381,0.675506474084657,-0.683407252719647,1.6223841690251,0.485889035195634,-0.405577852888062,1.13569526861174,0.956055697089601,1.31734736273389,1.0349182429514,-0.762022017538288,0.806539443824053
0.58571226314966,0.133529107915566,1.09829315796738,-0.876917957382061,-0.150549435668456,-0.1434928955521,-0.344188140474337,0.864724477523936,1.28276126259084,0.144904467779002,-0.382696700465555,-0.795319290141765,-1.01672793844464,-0.989667327536683,-1.86375378165428,-0.432281368956671,1.432368742089,-1.16447991809749
-1.40774830282099,-1.17872068254433,-0.893573964109549,-0.02889633739179,0.764836330874027,-0.83506484689925,-0.584550286990042,0.656112082693984,-1.50790208773545,-1.41840725475691,-2.32228007937777,-0.741880800842474,-1.14341388948536,-0.715577905543117,0.779612101795529,-0.601530237841184,0.234702976390141,-1.4355195793029
0.156442469978411,0.619226973053495,-0.130563379910985,0.180932779957039,0.609762435646909,0.0843418777412132,1.0808851079711,0.0248050552538962,1.61588060112853,0.811176286838023,-0.717311784595478,0.22394493948372,-0.153351196194695,-0.0251820741779763,-0.232937865820097,1.45909218008436,-0.316412709736175,1.08966039263152
0.186382269479463,0.18248595015257,0.552693447939816,0.808787811963241,-1.30424082495767,0.102553802144429,0.987810424823311,0.0545008857762997,-0.066037782344297,0.832667990492156,1.14123979945386,0.492993363347412,-0.677289547405351,-0.942246382312742,-0.28905873991694,1.68447477579592,-0.156089430424839,0.675980779689963
-0.610337938634354,0.684218600121697,-0.602286412253978,0.99560512245834,0.979308248958312,-0.279727867434246,0.930167700369558,-0.141212208104792,0.373646344153017,0.702956963111643,1.54932821426444,0.683883009162931,0.0766096256892869,1.60470471441402,1.34103393780828,-0.101295164293439,0.570273467375367,-1.05255530445238
-2.31847393079088,-1.86643499809195,-1.3242059615622,-1.29792827043877,-0.868428198797339,1.05284178922491,-0.880243100483273,-2.53212939088735,-0.135581856043423,-1.2042919037801,-0.607707436249955,-1.31574512934432,-0.8228117728003,-0.731696326504507,0.37316539773291,0.612448149495115,-1.28676420025658,0.987622947175164
1.38568234083001,1.06647489950549,-0.543248285797196,-0.385700462544585,0.0787057461002248,-0.710023439705956,0.301390486923545,-0.830266664600743,-1.09846925737785,1.25269762128979,1.31481909874996,0.307793091690878,1.60225326912852,1.24142506142693,0.414756208207803,-0.523483397247654,2.8155583861513,-1.56381726037186
-0.983561552712721,0.381664659500771,-0.229775186317284,0.330333794999407,-0.411346150734171,0.010647347115425,-1.50051116674706,1.08724508193893,0.0502980408669421,0.747655471699367,0.240860328583606,1.95142365267536,1.67006931803245,1.84569087171407,1.45989163197309,-0.584882899774113,1.27646785375974,-0.0138228775228255
-0.548559067433648,-0.345286029533188,-2.07804638905536,0.859698755108937,-1.15852854962425,0.705923207221205,0.375473740301415,-0.177537092357387,-0.21102745404641,-1.85942494879224,-2.05825433230544,-0.783668840318305,-0.404370485123007,0.108317892329173,-0.194807367632113,-1.2718998402925,0.576055371869676,-0.229712997556958
0.51156353910553,1.13659762650614,0.560587758095599,1.37853809472082,1.36006586805132,-0.750803163730746,0.376518964954795,-1.02539397078283,1.36864306797697,0.105035598079825,0.897226203600797,-0.534237695165546,0.314672340783283,1.26634726079762,1.42390577371324,-1.98845690103511,1.02436382709964,-0.32969288483905
-0.616601176930452,-0.118265656955365,0.562466729311651,0.298503892907178,-0.182025621910129,-0.133003743518833,0.228745200777477,0.432951345219358,-1.65162570430049,-0.484580235385852,-0.608501638711717,0.446002828611859,-0.529491483700267,-1.05289313605668,-0.217900970511683,-1.27178712263026,-1.09787171975288,-0.596177090928312
1.35981212233528,1.1028668429581,0.692217568234203,-0.615154135738885,0.788034911737344,0.994553352074791,-0.331755818087196,0.568274257653813,-0.0703533614965108,0.312033834430823,0.54914147720766,1.05272021951053,0.442595260233269,-1.11214968153934,-0.755925533829303,1.3404710392391,-0.16143192939223,0.613692862819791
-0.841786086615017,-1.01669097199882,-1.94173635645471,-0.611838994538778,-1.68625372556987,-2.23114608128544,-1.36347249164874,0.0758957417348307,-1.97012227613406,-0.755347167561734,-1.81967967930788,-2.03604638227818,-0.884035750623416,1.74587433047001,-0.237263877511198,1.20668097327774,-0.651055221682209,0.835514917327984
-1.47870327533024,-0.656910237357113,-0.502354746687276,0.636727208426418,0.971845937969816,-0.882202041228122,-0.640265186557731,0.315459190375284,0.269035013837526,-0.398281200561035,-1.31586672070027,-0.845066931274605,-0.561559047393121,-1.96814505477689,-0.723877555061907,0.0127145109941139,1.70956834061509,-0.753495498264114
0.833845484301877,1.12515563943585,1.28199759695928,0.397928399043292,-0.456567151208571,-1.14418972892685,0.363757904281458,0.743487936502435,1.12958616308855,-0.464089506496163,-1.02472203411523,0.192228715861146,0.178761668333268,-0.752344776007708,0.152860195890724,0.238156154318724,0.624903507208637,0.0681921442376121
-0.170467343338223,-0.165070207677351,0.502052926463426,0.293422521651718,-0.104860987696012,-0.597556584079591,-2.20653577175411,0.19580212484878,-1.26278508933907,-1.15272730274517,-0.583484899285621,-0.758996046862013,-1.66182088641184,-0.50597024041319,-0.0500024997292551,1.2582055537579,-0.606640782838298,0.234620052169463
-0.367712896589197,-0.338078113994752,0.342553052281858,1.79150447981865,0.35860092139529,-0.428798090853553,-0.626905104968923,0.373830295454481,-1.37219271492398,-0.899768477751438,0.0746108909828982,0.289333451317662,1.61585132244178,2.02639237342096,1.19066653592686,-1.20870301782967,-1.30630162266613,-1.05325288147527
-0.872111916948713,-1.08650663469161,-0.0197627105394563,-2.88645413708081,-1.91578300151251,-0.378409611347645,-0.500359710694105,-0.997590822098024,-1.00296495554026,-1.7717793761222,-1.00065689513416,-1.45101794749948,-0.695995617037109,-1.70728587355452,-1.28645994766293,1.24213610891177,-0.608902778894514,-2.47771315381793
-2.97702864069811,-0.0452398633349537,-1.1286115126032,-0.805510676049749,-1.58899956004354,0.118467850672513,-1.4274066093626,-1.64678495800707,-0.900539544678397,-2.02649018598388,-1.58116949931416,-1.56862542206461,0.0660399536992955,-0.269444976643126,0.633493319488527,0.150280766883536,0.0458607916024705,-0.963748914320047
0.46921340487174,-0.398869843367923,-0.21165955223268,1.46670786658466,1.26247954574538,1.8734236077258,-1.03993875786376,0.465162022875623,-1.92261982107082,0.147521163443662,-2.24121898354602,0.278187675976394,-1.43636214971728,-1.97087081692926,-1.90434371065589,-0.367218699629976,-0.0919560536914946,-0.129952670736232
0.235885078832106,0.484884116593201,0.207505982470646,-0.847595259289283,-0.357038395087085,-1.40926483331029,0.800067382589572,0.690473403623127,-0.293885103988688,-0.47141822096854,1.00047885873745,-1.46166771026237,1.56075778057126,0.185416901448711,0.429091742746422,-1.34167558730448,0.248401348398628,-0.72457757133961
-0.69771029256157,-0.464934299072511,-0.0453567442790552,-1.10976927060667,-0.821138658640105,-0.20480579523969,0.0482781642687921,-0.5102788529319,-1.00702473440403,0.133596249829883,-0.803565051522312,-0.177245805969708,1.27339942938154,1.64401056602851,1.49434627670468,0.220204732038963,2.72559043585448,-0.378474037430619
0.744632862791137,1.58538561019736,2.27860164822413,-0.57923147293266,0.31162561525465,-0.867848294991775,0.933063721455544,0.933392113195501,0.791690675470769,-0.526138036107176,-0.285652204666351,-0.0264121772507451,1.90854918565909,1.3559061429727,1.28263440066772,1.3641945574388,-1.69356439001128,0.872493335120371
-3.66879384089669,-2.31407845290747,-0.870971554726665,-0.919822929333255,-0.958307460749267,-1.42480982476092,-0.570827231194754,-1.54767450219915,-0.838058362079915,-2.66081100066212,-3.21122912946288,-2.09372887595318,-1.79943242204523,-2.01891958255996,-0.654037215044715,-0.240958766927188,2.11349203906796,-1.1912933644775
0.938293972758306,-0.0570034626455175,0.48556281191514,-1.04211912031523,0.445751057721279,0.42156348823723,0.227541813071362,0.214825594372523,0.50557829674591,1.16256007689308,0.160367213631477,0.543977417618752,0.251432247653202,0.90349030729579,-0.127437483323219,0.901976921839999,-0.203657461729951,1.18971588718398
-0.320363700858049,-0.127288105876213,-0.652917505676927,0.892416283123824,-0.474266742804328,-1.40188750383318,0.810833863992333,0.17804502596713,0.610940927595765,-1.0861931674943,-0.284328597888075,1.18513766541699,1.65994712575669,0.108873337679137,-0.396109267196996,-1.50544737614043,0.904068374905661,-1.40217813472886
-0.980795764569062,-1.85255364294593,-0.31304829077887,1.69214134364563,-1.52930423934812,-1.30883255462266,-1.41863007168523,0.356252670696731,-0.584288023455606,-0.305067074253961,0.546800117177342,-0.0600365094860185,1.95971067450403,1.69910553460032,1.50833874612508,-0.487972479035732,-0.474321324563711,0.35289271551663
0.22512430258981,-1.60103801637094,-1.0570553744213,-0.365924735099421,1.06184246957545,0.853415498655144,1.58570449480837,0.259882462990015,-0.605069285009383,-0.0654848426221745,0.0697965761557784,-0.830120058436782,-0.0833100791591682,-0.429790259031108,-0.337444756470952,-0.286409039929884,0.915321298609461,-1.40460066946279
0.448062706298614,0.0310187387307276,0.767322590586178,0.563770101282669,0.482071465689351,0.403190372831662,-0.170270158774392,0.418864288933067,-0.161326133829411,-0.465770654910645,0.336151447603059,0.297340585623884,1.47074812471439,0.977327833401402,-0.847468179819052,-0.429703865201322,-0.419110759638907,1.12377081903378
0.78373933719877,1.47050867137295,-0.0334017997523547,-0.514970181375527,-1.02449916375301,-1.39468109952149,1.00360494198413,0.0480147382722513,1.6142654972474,-0.100078911744184,1.02039116076761,0.620674594296737,-0.183242467109532,0.521130323583619,-1.42886835273775,0.527360208423314,-1.08891820047376,-0.619474611993031
0.748450848034387,-0.198160112296494,-0.197439288362628,-1.17966853519084,0.93366500332147,-1.28889418928822,-0.519012022133113,-1.29257850589445,-1.62535081995739,1.24660782803351,0.953939737293969,0.250075000045648,0.827335877759176,1.54629537462781,1.719660818434,0.728363710783206,-0.610317278939066,-0.303317210194303
-0.599655063923016,-0.705222459485666,-1.2777330336211,-0.396025550677346,-0.506438418169839,-2.01977893503554,-1.43529224759962,-0.254131031400469,-0.526754526864936,-0.763215310158311,-2.0004615884603,-2.34112629455044,-0.598513194296441,-1.02394801843466,-0.525124276266091,-1.18248615590138,-0.590845875954786,-0.815142426307496
0.233165911283321,0.499774833380624,-0.949656166358606,-0.893953119509121,2.38230917905907,1.34115456769543,0.580065103224945,0.508144091642933,1.50873086271018,-0.136387787866837,1.09011770771474,1.88224154834225,0.912428723827998,0.574568368917491,1.37069754093104,-1.02918139144597,-0.697236850965861,-0.316678154528416
0.817602680271936,0.998880277000451,1.42608202193128,-0.23742174737624,1.27071461801874,1.44117670353242,0.906454982730585,-0.357692764576867,2.7503962954038,0.753218652786642,1.57032587822107,0.956050116429133,-0.382996743390208,0.195322884386098,0.657249747600703,1.20904788012356,-0.727553850085573,0.872700446040014
-0.545216265220292,-0.304021175990069,-0.0407467452523353,0.204559353306047,1.17206613629212,0.246497197466582,-0.559853675914722,1.59520412787984,-1.45203018433848,-2.00983099524725,0.284396559571824,-0.195951193989971,-0.191759425361147,0.175572032046316,1.21108563837079,0.808514933512415,-0.647312895329681,1.03816709168921
-0.813810867094962,-3.04169941124315,0.0451369379501825,-0.554503905998921,-0.3124281311602,-1.61826701359954,-0.349808475104631,-2.05633229598318,-0.9330730769638,-0.87572178916314,-1.78708354101848,-1.27954802407709,-1.89688312579577,-0.940280245686948,-0.0571588839553965,-0.126213350794377,-1.24778876404924,1.61495364819747
0.0336713863164555,0.322656888896061,-1.37929097134967,-1.28055386734123,-1.40512242998057,-2.13067006621924,-0.444458845408524,-0.873770383955775,0.594485882548164,-0.816614445593503,-0.252491395416414,-1.34389042506289,0.364743129941487,1.65633952987569,0.269764906919197,0.0780024368532274,-1.5950988486546,-0.00131232522172486
1.43111679110312,1.99106715939716,0.425692847122925,-0.337063692226549,0.669074168942578,1.44066173802659,1.51071391789751,0.558898398283694,-1.20711680966918,0.378951001616057,0.841419576486556,1.3180898668293,0.306576203948716,1.26837786768319,0.114420015827188,1.23527792564662,-1.35477454590069,-0.818591971115531
-0.0455447691113452,0.0369615336720364,1.51848720692352,-0.0939901155070126,-0.431514917127339,-0.107196541334854,0.0751316311197446,1.57011097252655,-1.50833887443717,-0.919118924044889,-1.68555443689382,0.338497114790597,-0.401069912875759,-0.564285239470874,-0.0882407727131435,0.157032353132452,-0.894358943973959,0.343196995443875
0.0546594072089609,-2.08405212448981,-0.423325057865307,-0.0736758838752774,0.456390213020909,-1.37293763501602,-0.330551535844345,0.00211330589404552,-0.140809642906133,0.353247205901851,0.568317830374828,-1.4307904736615,0.297014472098509,-1.15839255694536,-0.114232758491147,-0.525257672077846,0.333008554392774,-1.12281896578241
-0.402572543920823,-0.537075243533417,-0.301245737743909,1.38235817549486,0.297165606932225,1.22918563239757,1.44824426715189,0.841157116433768,1.74596231244243,-0.206598285511854,-0.96667819097582,0.560762167692463,-0.657924461220547,-0.392694528719247,0.356166810179826,-0.585653339627135,0.00460376954941094,1.00791742736015
0.904261304526314,0.978900413504135,0.175748093307618,0.972896421497213,0.891970956150666,0.833758060461136,-0.694674328140802,-0.365595253216437,-0.17866376839566,-0.540828145194677,-0.833208075182836,-0.349814242347823,-0.258124258318742,-1.3097683075024,-1.50582442900722,0.535379330007981,-1.11638514369644,0.885076507371467
-1.59070189769471,0.0662755813796976,-0.264477140869169,-0.86320950951392,-0.455190590457065,-1.86895915923095,-0.628741695965218,0.804149936258486,-0.767113123453387,-1.26375586100234,0.516366589964541,-0.505317155305883,-0.660010273590123,-1.57128023330684,-0.807932602923496,-1.50111325458439,-0.49852627709611,0.180407106998054
0.756810891397314,-0.42288542898347,-1.71866090683703,2.32235137841747,-0.153893470075421,-1.56322004346216,0.0382477366340161,0.530506306358447,0.765950338555571,-0.522211908268666,-0.32891426484198,-0.0324712454298793,-0.720590615268632,0.0336535203865377,-0.586742541670408,0.520834287591427,0.185558608469236,-0.0477961295270197
-1.30241211664837,-0.475667307150441,-0.555924499239881,-0.902609333694427,1.40207816657689,0.22033379112649,-0.574496201742865,0.872867843442579,-0.2214857756327,-1.81793361754445,-2.41473307118178,-0.761757813882307,-0.156614737864793,-1.81530803773267,-1.04405202110938,0.725151209962642,0.279986967886941,-1.07366910352073
-0.428189574766759,-1.32288526378878,-0.867111828380188,1.64194560606704,0.744542385233927,-2.59424821777697,0.0790192128312483,-0.4393312670273,-1.39654424721902,-0.866649318765548,1.06540834638958,-0.849512755346082,-0.10134664136822,0.178539799954651,1.52544720770459,-0.0770732625722121,0.104682191380796,-0.498891851588902
2.14942603020289,1.06011156194381,1.68271415139876,-1.28756853926421,-0.288260410091037,1.17581408555442,1.88320831249077,-0.650575956278906,0.976409314104113,0.836274348939506,-0.407846375815445,1.56217731967175,1.89395104190639,-0.643035543380565,1.09075632613945,-0.485542494842602,1.2959489307574,-0.673003354165216
0.0852573641230361,-0.983135949813245,-2.05690010842737,-1.26156109230522,2.28684569261001,1.27390521899375,-0.541981660025712,-1.99758422407571,-0.697518614114278,0.281577739195503,-0.378705932183842,0.535432953889864,0.689426460331959,0.687668800551071,-0.192291380101356,-0.813665887485625,-1.58302161836005,-0.286305958231051
0.529160290937595,-1.67455144048807,0.272646790494869,-2.02230864036971,0.875631100452218,-0.306658511542695,-0.61222330852276,-0.824492181098292,-0.464862261545143,-0.684265978583891,-1.8705089985637,-0.762642562521718,-1.00506472772279,-1.44642132803518,-0.909205038142291,-0.259492947296106,0.873037499046823,-1.35068839949936
