"y1","y2","y3","y4","y5","y6","y7","y8","y9","y10","y11","y12","y13","y14","y15","y16","y17","y18"
0.255313381962763,0.94520723672792,0.164979687603797,0.489536564573566,-1.25132744400384,-0.296995044694884,-0.204141219018019,0.0372586197087531,0.0599334587886169,-0.44206651201655,0.192228071170577,0.667821882198615,0.980447857444362,1.69736693072831,-0.53551355335806,0.0679331137192006,-0.576349453287015,1.31624558886116
0.461660823241972,0.227721606597697,-0.280548291790392,2.02094022229753,0.548667783912844,0.716447929076407,-1.04936659931033,0.00220032049970027,-0.876456437451695,-0.17101165564835,0.433393664956762,0.952231874593243,0.433196897704912,-0.527152584309153,0.242411016294994,-0.882251827099958,0.429814534691456,-0.773572702467883
-0.568366421011332,1.2582810194353,-0.400106757694594,-0.976768492234211,-0.566217003111118,-0.75471572896147,-1.82497071890329,0.54123990260039,0.219370465263131,1.00866828710622,-0.223926733561444,-0.264869035960716,0.527900833098112,0.818436449300674,0.696456653448539,0.477942025120622,-0.775042466598349,0.289263414551776
0.0226463286194208,-0.81371578905551,-1.62062979925508,-0.862131075440621,0.62310289085511,0.532112564833779,1.09816661747104,-0.506244673952141,-0.146784039182745,1.41828293551011,0.130216497629567,0.405646544672769,-0.757817131523389,-0.697731378554268,0.698278741844819,0.581094684584641,1.7132276327775,-0.212071480547293
-0.345556389308731,-0.814760271759487,-0.306804844499974,-0.566094408344791,-0.596600385201509,0.609947835034999,-0.149737206346903,-0.417086284596788,-0.634807963739203,-1.30937404997874,-0.840022047401029,-0.56747860803345,-1.20282145071035,0.292170625681526,-1.66984957634932,-0.974075566416427,-1.19895886375878,-0.0982224829948039
0.44594787739433,-0.268663289299969,-0.955828404221796,0.645411275859625,-0.0936066444021428,0.366376913560978,0.356134518712136,0.0931776679593743,-1.76511348270619,0.499877923471808,1.90820336682514,0.912418685627894,0.522349389476012,1.70887088387202,3.61268301688841,1.20918726796273,0.0395630475133769,2.11229780175488
0.0355030513867366,-0.645173835607725,-0.922506193691367,1.06058817260848,-0.39035469427022,0.618693670499425,0.0240306160095084,-1.68393413783605,0.796527531487066,-0.139212055117322,-0.41821353428931,0.641280813138538,-0.33466327384691,1.01099244450056,-0.666992681404873,-0.158940397088048,0.756637781583941,0.166176129619616
0.747909062807651,0.287185440451928,-0.0211889122594203,1.57930862829696,1.94185598880563,1.74742134645042,1.30503217671147,0.815388508884416,0.130359627791,0.811761618656077,1.84261837293834,1.61795239678737,1.42778751849495,0.646167889008149,1.18512039649059,-1.76286507548022,-0.173005767647511,0.0850999749245226
0.17616164351747,1.46449037079424,0.455579254611851,-0.131570106907208,-0.0826907510162618,0.778553089626855,0.576333377553633,0.262727497619718,0.240945605916096,0.0506713122438985,0.132061143754019,-0.116199554670433,0.256428212791799,0.295163421059158,-1.52815537549035,0.980528780860312,-1.58758632792826,2.04619411289858
-0.926271111552305,-0.341281755855783,-0.00601907353066057,-0.369955037705806,0.335152525317923,1.47150633109551,1.98629053126685,0.351668129075095,1.80067121290195,0.189659189970537,-0.35102436586692,0.177105534261781,0.723346247361266,-1.28709470020168,0.918034745200815,-0.662352280909633,0.0335023074289205,0.958060621902582
0.874202033929056,1.53733212449759,1.15369505011548,-0.502449462072717,-0.0750661699664959,-0.707265871938481,0.0733822509665557,0.321303609159512,1.40791680493167,0.305550277929902,1.7715982365531,0.979188169182037,3.69756333482185,2.09151226595756,0.75196151521728,3.25450734357453,-0.98497706174552,0.656442098643711
0.230456207548927,-0.433770408252063,0.685439923331879,-1.40420744407127,-1.23276986199364,0.210247344485593,-0.893788912159323,-0.727650267555513,-0.813426779002727,-0.821896066772058,-0.279264831254822,-0.400428384189699,-0.836676450296294,-2.32469429356949,-1.04625869688438,-2.30087559651785,0.691266585562092,-1.12352766328693
-0.35836785111763,-1.42446096862482,-1.56149254040045,-1.24390380040999,-0.801481077711774,-1.66433887386261,-2.58978250978201,-0.197861457008859,-3.07150487123961,-1.02216624671666,-1.3349186195046,-1.94446749541432,-0.366808436177332,-0.796781228966853,-0.040095406035922,0.53232796529726,-1.08010966639533,-0.512707412412036
-0.454098293700185,-1.34288504222493,0.0656182777368386,-0.652948251307246,-0.2868356208745,0.4570559204426,1.58751505491031,0.260475230630294,0.210045195972744,0.353927989535877,0.677354499850955,1.08663776424161,-0.132108575317458,-0.225488091717066,0.0311583836559268,0.570901070242854,-0.476546611245968,-0.155965608512837
0.131471791705508,0.816715801741439,0.344992380657663,-0.766025020470797,0.606495166066939,-0.313403760786001,0.887552890343868,0.596176001312186,1.30073075517895,0.54442427740182,-0.773891984955499,0.00219493589774606,0.129777782864421,-1.43155130534752,0.409364354700417,-0.828051204391647,0.942158384954771,0.493952832316351
-1.08486121299307,-0.335685206725425,0.942003850967035,-0.805839396172875,2.53473850681943,-0.268750868415827,0.483175429670334,1.34507796103528,0.428599846442389,0.101609410465543,1.28928082170559,0.018687533600737,0.573814179461434,0.288505192930694,-0.136222609352131,-1.00667099811481,0.167049903881921,-1.35742925926568
-0.0605975619363145,1.24482934099348,1.37208684505303,0.162371043834178,0.784724095981044,0.38742393746496,-1.74949964027591,1.92888764165424,0.551611576600184,0.195935488003152,0.376327582736504,0.782342791763559,-1.01017537105631,0.203521545988807,0.662220692768142,0.476136911311849,0.0362879726473467,-0.955912634850544
-0.215559957993507,-0.787893896153644,-1.01191669309476,-1.83511742242558,-0.712843379690209,1.01437436967933,-0.271623641477491,0.351793008544416,-0.323289203360366,0.219844411383014,-0.569600952405582,-1.78952973186582,-1.188640291895,0.891230679766332,0.553281078645895,0.78145700560718,-0.887215929074984,0.170090865483573
0.801308666136073,1.69917998637634,-0.39704452155816,-0.305228208034782,-1.73785939113258,-0.733963231190445,-0.0731868700736454,-0.881452577664804,1.41669550907294,-0.276712058932006,-0.378169583506362,0.12845257084033,1.21093337403408,0.753173550022741,-1.3240398113535,-0.293983855292818,0.25245845954064,-0.395179088545889
0.0425416134406899,-0.72760859705377,-2.16221939818004,-0.347744685796408,0.29133691694105,-0.239233860112876,-0.173593682647401,-0.0449839725063354,1.55999167060217,-0.796949174257815,0.916395194554648,-0.211225526273426,0.173290729275688,-0.243434740815612,-0.522615699656237,-1.92305473791211,0.239216074998399,-1.06648404967039
-0.359635240416897,1.36759944845282,0.354362220555642,2.38991846439216,-1.7431157167251,-0.301550796822887,0.555403433642212,0.23856431094411,-0.411550410952397,0.694231594297799,1.41955208437926,-0.259735036667319,0.609093794507689,0.563123949769564,-0.119988278124996,-1.00512195035262,-0.752364227302185,0.457784672342279
0.328657631911877,0.470347717730651,-0.823420693877699,1.50364679643516,-0.285694223035217,-0.000208611417124144,0.157515590481186,-0.638098689816244,-0.347714169761997,1.48952352631475,0.831403686115449,-0.0659411513576223,-2.17999914759847,-0.904650692432197,0.2402163521037,-1.31915958362748,0.408143047276869,-0.785191022200394
0.389088895518912,-0.5331646016668,0.778767529764429,-0.0995170926771213,-0.0141572647817394,1.3139161424262,0.716590436214256,0.196639717736328,0.664817326627746,0.360087732474373,-0.627238168764209,1.11499565391646,0.391630637211461,-1.57260750717487,-0.39040135046204,0.356632495595645,0.904227659330703,-0.791211728349359
-0.187919830470253,1.64677619997496,2.26864538255487,0.732192333410615,-1.32301174275486,-1.83352938875871,1.08781335434706,0.0419556869988516,-0.217172292499067,1.799475931076,0.380968915779655,-0.279252019867888,0.541594924147684,-0.504156377884258,-0.352590106782356,-0.309893299720349,1.48780918098136,-0.290291941935825
1.03672416406356,1.04125590529207,1.8047057537537,-0.627082898347423,-0.130745343283681,0.521179364996314,-1.79494263167037,-0.172557567900948,0.282569195573968,1.13496257496736,0.874008307898952,0.0991366920623869,0.768817616400956,-0.604998580017647,1.48283356746442,0.280859005886476,-2.38197019549767,0.40002366647492
0.313977717640137,-0.925578693392475,-1.19114153004543,0.617603705641764,0.737844260412657,0.378416017081649,-1.25264851569402,0.0239690226395582,-0.034886729777404,0.17833823078766,-0.220881470955392,-0.296806043116041,-0.331711581921367,-0.80981224148537,-0.547975664574387,1.24733225589084,-1.89242512842831,1.50218041729703
1.09340192981422,-0.177498239891097,0.997363281401539,0.94100320188398,2.24544095357032,-0.15377468922376,-0.611153845580243,-0.428140705310682,0.537750958690114,-0.0289563912140551,0.472047157514024,0.551064695210819,-0.563453283804458,0.0250477955803355,0.68774170332991,1.65890640097929,-0.0649285074598033,0.272339127766687
-1.01409542768395,-0.316344805248268,0.902225716969676,1.10963202082598,-0.728256353483832,-0.166594704230136,0.0250456039983809,-1.82583010591979,-1.82505838271457,-1.83392984010048,-0.169017751325453,-1.77713607997045,-0.107779569385283,0.321076445158017,-1.92500305995735,-1.57799673117745,-0.455639854664834,-0.285095428370428
-0.511699363677488,-1.56332026107346,-0.805986233893177,0.742115856996371,-0.172824053249966,-0.61477412685768,1.20795758955218,-0.0664558918363924,1.37831924365622,-1.578038592296,-1.08862191802249,0.167501763707129,-0.454169792326883,-0.659276794511573,-0.289069910378697,1.28070469806351,-1.68038528117341,1.45790611175757
-0.251316526199489,0.740023937679834,1.60230573067042,0.159263215512053,-0.79503912932645,0.972671561187084,0.335600363687406,-1.23932207669398,-0.473526749126793,-1.12722220710962,0.554553044036028,0.82925521820299,0.446960024756506,0.550909005479978,-0.495289618934144,-0.385041502640504,-1.34171163097729,-0.973565731632617
0.44051165466818,1.13735722128907,2.07076113259475,0.964065336491344,1.35030336059836,-0.0917410830927885,-1.00972732926479,0.396881701539857,-1.3258630067764,-0.273804066624542,-0.239960949179024,-0.167265497850423,0.244693360206789,0.100551425950434,0.364236857803022,1.83141118571937,0.156879737875482,0.227600077574665
1.69625927172684,0.907486210228087,1.40173102742882,-0.206705695715215,-1.09484869818028,-1.50142456269949,0.00221562984056888,-0.70394925486734,-0.60515220374849,0.894665950138907,1.44348955808601,-0.230545322099263,-0.299153009743479,-0.151652948201029,0.609118798151118,0.607333298902682,0.803228845930814,-0.0689753244030045
1.24526622941386,0.505694582364367,-0.0889920930873765,2.33075403921611,2.70660284915286,0.0799723564783911,1.88888718898936,0.916830936197669,1.4397255018855,1.54652733123805,0.673473191719002,2.10630017784117,1.82855438839867,1.55791904481964,3.21963143516983,0.0221268239912322,0.147498455089585,1.21037940768709
0.972583037988397,-0.114504031833648,0.340560270283593,-1.12324921625084,0.501400083750893,-0.159923479946995,-1.37368435670437,-0.139657193498269,1.04234344006308,-1.2673568790885,0.370875097494336,0.959565487270991,-1.06377850427294,0.35630907320492,0.890298738999048,-0.224062996923084,-0.336490046167443,-1.02504997904244
0.885710576391418,1.8257386970332,1.19851317081126,-0.517762770803271,0.298917222217297,1.11959780478943,0.238074216147541,-0.723904512583945,0.41431895447531,1.69389398236673,0.146338316874936,1.33842425505673,0.723208912664114,0.611757247621755,0.0680131403491952,-1.95159415938388,-0.365109133479624,0.203694370027451
0.501427965875862,1.23229589548044,-0.299946572000354,0.764829076759183,0.83212155884858,1.70736593541045,-0.32302420249101,-0.125714592343722,-0.0838956486468547,2.52611315621346,-0.623200769180241,0.160435754645713,0.279541898690676,-0.690903696179418,1.03287759899732,-0.389079150002584,0.767459872015781,0.103738450199083
0.679332686594165,0.24869048922899,0.744132354553899,0.48976810933349,-2.26852939942064,-0.853294265728646,1.27658878523503,0.991782536342255,0.332006419163827,0.216790228573454,0.375528457882544,-0.260964813497946,0.364367725917379,-0.844405061379329,-0.215865068111772,1.66364059122646,-0.846591318126004,0.601661184061773
1.75050335228902,1.22401701630059,1.71396027156365,-0.308753616874792,-0.48011511539638,0.65597559746966,0.901496984861589,1.08125690820445,0.763893426371072,1.6360454172106,1.25581043061625,1.19052022354204,0.483041958911249,-1.17549396542674,0.674827911837822,0.0565720980923224,1.17825377504512,0.35352118974341
1.85049792451424,2.77645188292479,0.990008789108893,-1.85225640476713,-0.821689355275051,1.18890740344381,2.42745803398164,1.97965171963168,1.34985721521992,1.2165765731922,0.785229466082009,1.64018150221727,2.17113857588357,0.427384253638766,1.16242434973294,0.821523402334844,0.475534715637988,0.120399599747296
-0.400591717548879,-0.800162056901054,-0.892511268977379,0.868112034936458,-0.749133514232336,0.302983583108708,0.446191383514732,-2.02982405397229,0.0699127963871029,-0.163853149023676,-0.536194362294891,-0.68080671619339,-0.771152348622683,-1.96946574971946,-1.39563909365154,0.721795423256689,0.140441994696,-0.7801011151305
0.178797797341001,-0.498543337041198,1.12731809143504,-0.79643935739366,-0.0778715920858452,-1.984023169786,0.0286227183696196,-0.291888467539794,-0.76989080837098,-1.37463513860446,-0.28968013057854,-1.18776455557354,-1.14675148267564,-0.416967787204102,0.367363031601013,-1.27129697141002,0.951439088054769,-0.928556857622122
0.133381112629895,0.59901900808097,0.772195616963226,2.18822175721556,1.05303380242581,1.01683589889782,-0.440611449799244,-0.221364015547754,0.286336288699799,0.934078241195164,-0.0628925831631141,0.570525898354211,-1.20593779496769,-0.567918502686414,0.532879118791661,-2.86360618376634,1.59936006978687,-2.39625648347178
-1.59935304836153,0.0185361756009461,-1.27635092937114,-0.122677162299417,-0.686237467276541,-1.16270661563658,-1.49609056585657,-0.31452192484244,-2.61476551311303,-2.86688081704304,-1.93666636133188,-2.59428921779826,-0.920074688248523,-2.14819804068556,-1.36360711940959,-0.482240668343883,0.188582977562173,-0.164104612720734
1.07732910887161,1.19315825205824,1.70297132158552,2.59060615723588,1.44524831788596,0.109416181740679,1.70394204578999,-0.00329440249157856,1.50925472514664,1.59714882061889,1.97004038442421,1.51801664363345,1.96298999667463,0.620124910899022,1.21407822446647,0.751073941292449,1.29870799201821,1.29119573808467
0.899580377405118,1.27350844498549,0.577821585346013,0.810966207902328,1.46283480285699,0.748675949598636,1.13340018257193,-1.37020661845462,0.179161288363104,1.18047254724368,-0.047725602576635,-0.0491799705029373,0.683593213541188,-0.478094844327477,0.122444732814924,-0.997354869154264,0.691295263694603,-0.36804374231922
0.772548302602393,0.342728588193439,-0.465448370966858,0.114414902538921,1.52871746279102,-0.193802024649653,-0.74510186949931,-0.917282812963285,-0.100541187305784,1.28124871079717,1.17747862648362,0.196517183813347,0.38307352363075,0.0814655711434237,0.361616580752543,-0.0153486361757456,0.807737292855347,0.135296147105281
-0.573809106176504,-0.826489686901529,-1.21215846649852,-1.00701261741656,-0.258198552339202,0.473761407005297,-0.374894754683884,-1.26178924447781,-0.233277801217911,-1.35655156084315,-0.257717991337971,-1.91841019069753,-0.584330711846021,-1.24541833676553,-2.84086227629477,-0.515454572341316,-0.903417519918124,-0.141729911349714
-0.0691387700256875,1.20368858936402,1.68245701888061,-0.264203719047908,-0.253096673063048,2.82461608874981,1.46910544597822,0.499464936931686,0.616199950756098,0.796227718222206,0.140581898979381,1.41300940684617,-1.41549558713606,-0.693111809453891,-0.510921943120132,-0.902004059831772,-0.761191162256933,-1.75198761227096
-0.72777993192383,-1.32598994424461,-0.0717218971037873,-1.51543528247228,-1.54153181434779,-0.927278068882385,-1.20047308639634,0.0145752818177821,0.299962076089624,0.0168880757790228,-0.752252431018354,-0.529373299347289,-0.0969302365141748,0.341539988620035,0.2581140838861,-1.57816634656934,1.24082624810644,-1.65823737767604
0.211598069956992,-0.114978437758596,-0.752866928098182,0.3572969943493,1.26445629070296,0.335098887391985,-0.786105906232489,0.084166178076137,-0.221540910410024,0.449622168035653,1.55835257444481,1.53224770729708,0.124724417672268,0.825497946186711,1.59244777313792,0.0670885689353483,-0.424100750319177,2.11127591170792
-0.13182058365065,0.369813406283083,0.395205807011098,0.240271751845831,0.220363325197114,0.195552848613414,1.50555320056041,-1.51689408858499,0.619505242139694,1.16250396999468,-0.219067597907047,-0.725320046977229,1.07322209216232,0.82510419751558,-0.284331182775219,0.421009001981542,-0.56138675431662,-0.277440239075672
-1.27196262344594,-0.925409170971473,-0.107057860901502,-2.55356197909055,-0.618406441140204,-0.124446305350082,0.573490287545972,-1.16593452821272,-0.620638828917535,-0.778308218985477,-0.42262345100548,-2.16664043578389,0.379239758434662,0.899085892970045,-0.18114406293237,-0.558858211111754,-1.28707084763316,2.01889219037134
-0.0172537975315897,0.115699528465208,-1.72834123698689,-1.33395228175894,-0.124101407429809,1.09885815224608,-0.656572296433917,-0.369086203055809,-0.253937464573132,0.326092869105077,-0.287752479742211,0.551013486755902,1.23333722935359,-0.147065802924976,-0.216497610589455,0.388636917260159,0.362866848254823,-0.201882584885907
0.470476628826044,-0.321549513772139,0.0121532131972026,0.171505638115412,0.872604913153642,0.549622475393111,0.0881705950941943,-0.0639149601720887,-0.601576174891362,0.156243567390345,-1.12595218410325,0.964036438522999,-0.181520310949081,0.890696571832477,-0.645076389819144,-0.660777066637268,-0.41339584277244,0.936092376207739
-1.11933746909546,-1.6127992560017,-1.83543931775413,0.0368113152395587,0.106871932182742,0.268395948926582,0.953821203513183,-0.689222223460087,0.801907365320519,0.229759021527365,0.575929452609224,-0.506516702616327,0.304072900193611,-1.29908562654215,-0.0398541032693463,-0.720735335444039,1.51471306369841,-1.29088469574656
1.5338669198989,0.779998024070943,0.361079571501293,1.01623401502633,0.0642339227758945,-0.0745892297871851,-0.0739726630205343,-1.51237089379568,-0.0865979078502571,-0.851711692620451,1.03893484857057,-0.0251988038022787,-1.4305064413125,-1.81341700408996,-0.696819002041785,-0.749208455074378,-0.862502592940556,-1.19522349635313
-0.203565315821305,2.06520369681646,-0.389316950779205,-0.406206302523077,0.851302739777576,0.198845241356466,-0.643021709432604,-1.26091334461189,-0.683953175539117,-0.183188011863782,-0.413774861014801,0.632381101231023,1.2166856531418,1.08589017537378,0.0713446754737741,0.943007510475844,-0.179655460054267,0.479521525970591
0.425976604232406,-0.761877868768448,-0.714113108982115,1.12791540529414,-0.41418499859594,-0.259155404833947,0.152099668009996,-1.04723907709273,-0.913410749313559,-0.885340716373626,-0.0661813751745807,1.13884511820454,0.24996853737484,0.917537007925375,1.53196781332405,-0.336339699736698,-0.573487101140842,-0.517012447402132
1.89970966686781,1.23688160547829,0.174602609543905,0.590508920217396,-0.254822677009872,0.684518623739861,0.798240287542103,1.02583124765803,1.35618973024251,2.57034856908484,1.57717890021852,0.684565238773977,0.237152409031709,1.13508253946667,0.877387484816891,-0.739598073674222,-1.30263509850467,-0.391924134207566
-0.797037804132455,-0.780888061149721,-0.248701297923902,-1.33576429448833,-1.02415202300729,-1.16046960132254,0.803125956055382,-0.113527147711091,-0.472014112929888,-0.759477996569704,0.0311329972271455,-0.52290811990329,-0.622556162693687,-0.911252907712717,1.37253220334504,-0.834940178438842,2.08884019555894,-1.54382174416235
-0.920116197709447,-0.279079417290653,0.736075837422192,0.819878645952857,-0.164153011126576,-1.26907579920746,-0.380857470804551,-2.61434179212308,-1.69221272390974,-2.34582436273339,-0.672261768875303,-1.47231038649119,-0.187221252902149,0.24091152338594,-0.295467552416319,-0.249748042474224,-1.24326159127733,1.54460068670171
-0.0857193213734874,-1.47625424972206,1.00902067022624,-0.553181932253816,0.175511177980115,0.288458634778463,0.934328325044489,2.08887591120072,-0.858517031074432,-0.0744872953029702,0.220238717945997,0.0181482279700042,0.219221039852246,1.29818099163383,-0.162475379503479,1.83141963074751,0.0403770057323251,0.565151852357958
-0.862057241909873,1.06943479043862,-0.316885271396307,0.369832908998257,-1.84622546832588,-1.08192742604345,-1.54366599591731,-1.40327895228801,-0.0380228353609995,0.030741243618585,-1.33163619939963,-1.32497158290764,0.341165441498461,-0.250102228008026,-0.342565567951717,-1.01044039329641,-0.267156456220418,0.104660552923755
0.907015786552645,1.11259815713784,-0.950408929857084,0.865146339223781,0.131378644614464,-0.275357999359118,0.975771055539527,0.879410721438937,1.04496819094794,-0.363298900798127,1.30570861895747,0.648112432263838,-0.817952540971382,-0.251283908765443,-0.177464677957705,-0.039792794053827,1.0914788932825,-0.627324271594475
0.187007191179078,0.0270219102615768,1.24861096788249,-0.167837336738274,0.341830650579644,-0.870345270234937,0.662214085077105,0.0780765145625402,1.24062925522419,-0.122056020892775,0.434407714305143,0.712050113366941,-0.523597151500693,-0.229072883802173,1.2066516349288,0.364648845497076,-0.775160157082546,0.464471408265064
-1.14444233009952,-0.322482541789977,0.890807680689162,-0.231198291330336,-1.66171619664842,-0.753479093695853,-0.410320370741124,-3.08636689172978,-1.05923190700767,-0.0384359091109901,-1.68413070413387,-2.03549532379581,-0.450384440302366,-1.2861367838036,-0.260898273255065,-0.470472934988135,-0.651066469135819,-0.00470589273897491
0.97260977778801,0.67824971440898,1.25481292468126,2.05395158612835,1.0063207220256,0.938361668513823,-0.605236602856483,1.01272656148927,0.508657043421416,0.427911287468245,1.44560116225528,1.97117467406265,-0.402607690264916,-0.696319556965009,-1.52251148647797,-1.69697627624478,1.01502574063172,-0.771257238732994
-0.85866939385238,0.175439128698882,0.0702036483537071,-2.47670533372858,0.11403302847912,-0.359925687716347,0.448986559865992,-0.26398030098172,0.407941614384372,-0.0926583291477762,0.399401550124863,-0.52190748020586,-0.389818838099059,-0.272258518855833,0.291342054832542,1.282095119437,-1.13336372817857,0.838702857924168
0.523340019071514,-0.464662954144572,0.651870240727708,0.788530868605118,-0.297000757216931,0.0487768641454616,-1.05238987905312,-1.26674172403712,0.0622816345821055,0.966293604887519,-0.295381584466996,-0.582937265755869,0.0559712171870685,-0.8056859208238,-0.608664769148271,0.217289446297516,-1.89202500183203,0.027868098037988
-0.779465829385403,-2.07169711557915,-0.718339435463515,-0.0499782004439934,-0.0839132574978849,0.0917758614212204,0.0196196829211489,0.71136052703582,-0.329866641490115,0.169321264905455,-0.108387379549171,-1.38376251948162,-1.06338486219522,0.279245404467024,0.608924128147809,-0.654445445151849,1.29868265314648,-0.47950528412816
-0.0792341320446154,0.723063548304452,0.134959599770528,0.377775570648209,0.920418154260844,1.14481165804668,-0.458724121299781,0.0155844388474677,1.91266525495749,0.816901847640602,0.143937504624128,1.26758559352969,-0.306324821426908,0.934425619356047,0.0681962675685446,1.12969070405202,0.774669004549823,-0.758811643797965
-1.15640825537776,-0.827537933842042,-0.540075273394264,0.613378606731822,-0.0857149937126843,-1.35129562959433,0.800012055665286,0.736561400633068,-0.710632847112428,-0.549320457434569,-1.29072396480348,0.0347721081187771,0.69082739824556,-0.319633963453248,0.66881185009737,0.285880310513228,0.0611132713987731,0.398549956655021
0.126264456066774,0.0700030548337019,-0.093565690611248,1.62909547694256,0.556142982815465,-0.198680827669569,-0.172696351348933,1.37795352572857,0.695825963465584,2.10576224050334,0.971219792204313,1.60333498733349,-0.269855552717595,-0.210378195949275,-0.392342880703087,-0.556611819474858,-0.656825961719696,-1.26570304688995
-1.33724695052281,-2.38687361498027,-2.8548035179593,-1.84044381612066,-1.46266168123703,-1.11981608514024,-2.59384101075634,-0.583928008575212,-1.9750834349556,-2.88407994186131,-1.95983588962128,-2.01857546650672,-2.96846893951577,-2.44001681936875,-1.52210126155116,-0.446196916356718,0.25276135432087,-0.693366601697772
-0.798071851436171,0.280537886527687,-0.933848136707701,0.660030804767372,0.581165980798321,-0.400482636562014,-0.145860484283189,0.364513512829745,1.02463190956336,0.540876673631257,0.545388526538038,-0.535064215667429,0.661314088731336,-0.0638954295334592,1.89733288764694,-0.249651085514824,-0.0627858980102615,1.02931340982871
-1.9028293206877,-1.66194404685521,-1.05992471621446,-0.303635262048158,0.658499414834506,-0.19025266227466,-0.403352255838185,-0.765748913219098,-1.40079790326106,0.0440819294334418,1.15178460019772,-1.12554695628319,-1.67067152681846,-1.56570202929831,-0.257257504430171,-1.3122694809984,-0.807637416462259,-1.06811234475154
-0.277446590511321,-0.270757334645401,0.206830673572242,-0.00505903304581514,-0.524703545002132,-1.35253985644043,-1.05239955257808,-1.0648872884454,-0.279068351908177,-0.844421620083436,-0.584777355235575,-1.44231919703032,-0.269483384845862,0.843530181664486,-0.518244211979917,-0.843123814156497,-0.180416531712491,0.603821777401984
-1.64903044119116,0.421488147632859,1.75098032155866,-0.436000876850458,0.220004416440014,-0.759803525612531,-0.855879158532945,-1.12285529918668,-0.718787923439921,-0.375785850756267,-0.0158454486101617,0.14632739314257,-0.315298076942936,-0.528303482164255,-0.476723117625141,0.865521085273604,-0.315671887614896,1.16452329446312
-1.22077668330183,1.33060607614095,-1.0509740625728,0.0949684394128102,0.705917367920822,0.938319713346937,-0.327486697537422,-0.557181365912274,-0.545418025935238,0.314773114575228,1.31390099234842,0.814182647914296,0.91486455207187,0.448532403541886,-0.677751704044042,-1.37083984837207,1.32961515818484,-1.59533160544688
-0.185536234289904,1.18254434263509,0.489034600098934,-1.6017964440461,-0.450131523769197,-0.428710664665721,1.4840952632901,-0.146572597014505,-1.21321154126666,0.521110375880902,0.884439901468811,-0.555288678298613,-0.121734817560608,-1.32977732801799,-0.0188278410319774,0.379600303510563,1.74327408440253,0.00655967958535635
1.46891479291586,-0.483222110379776,-1.00578474195684,0.276699590519909,-0.190506875695305,0.661925608103429,-0.132919935100109,1.44553654398928,-0.646482407047916,0.796409388671738,1.23691998082294,0.800819936201864,-0.121427257523903,0.177426309562826,0.924541615834463,-0.721007897279738,-1.58066729997781,1.18435691924631
-1.01486150513235,-0.186167195794081,-0.0694607624047974,-1.06248728466561,-1.31919326377945,-1.7600020304178,-1.5835189381257,-0.14183776502077,-2.68982963372254,-2.08005765735618,-2.7331651101123,-1.73134257817275,-0.692579638664328,-0.598653303086944,-0.359608353878152,-0.719618155018593,0.533160451550327,-0.864316750098078
-1.61617807073413,0.502871364235135,-1.55787358594302,1.23222671255561,-0.192524302517918,-1.04090099641187,-1.00990294295022,0.36018106880187,0.076516548786014,-0.593464873489847,-1.34027485060114,-0.454929644541159,0.33987242518503,0.276837587828053,-0.747571593292785,-0.362781394973301,-1.0894269173693,0.84438797361423
0.599645341458646,-0.267969354563893,-0.342134304294349,1.36287944184409,0.960051608178576,-0.669127206269009,-0.414164010211092,1.50665563765081,-0.264143224407474,1.08661556306593,-0.748890333897943,0.428140036772104,0.154111223657849,1.39700769418754,1.50488495874994,1.34063181729351,-1.56147470374858,0.858678508307136
-1.0913963562611,-1.75783739044888,-1.08060250913627,0.113228248913076,-0.406675544716413,-1.14550487765623,-1.81900208689155,-3.01367611790911,-1.128542715773,-0.959624373797,-1.42343892090698,-0.691104565960664,-0.268511317935828,0.349450632023505,-0.531518573349502,-0.30942735162204,-1.10737562180553,0.28548321571963
-1.02954538277067,-0.406508164562231,0.139145537587388,0.664764931835029,-0.0662732658212682,0.871507927027368,-2.09163962657835,-1.92546384624171,-0.260410996468277,0.798666926312996,-0.609628018727389,-1.00664931450138,-0.443270270753786,-0.128838907168558,1.09632133451993,0.519379976646662,-0.952016813849135,-0.134311697645095
0.291180516177625,0.743007887321018,-0.199084247572215,-0.308947495553302,1.23600021872486,0.674888781118848,1.05325397867035,1.23514139932979,-0.321018696787906,0.276225785714211,1.24384175530959,1.59021771776285,1.12449809025572,1.79040580427897,1.04517310278023,1.84478947442886,0.319947312605023,1.13584869244336
-1.11997119793461,-1.14836769351075,0.352138672036795,0.318740593156413,0.386714673383815,0.392154617791333,1.22401993123727,0.265713964764766,1.0892571134701,0.595384220279431,0.526437174380179,1.38771821441063,0.402239787802749,0.47394696506503,0.403113586512705,-1.58360593125458,-0.190553351731116,0.351104684292463
-1.25167850618806,0.400141490873791,0.26901501912723,-1.85875846546366,0.153459067615013,0.45407834038057,-0.416522503026373,-0.216963475008385,0.351125020282533,-0.672335702079145,-0.98293542630654,0.46452398539644,1.42532738361657,0.572522378246431,-1.39197362735416,0.674855702003068,1.26551227829228,0.751645924991576
0.85437601340545,1.68316334743463,1.24232852503347,-1.0097762988629,0.107388630270755,-1.27229001158208,1.87733541693965,0.358293660384344,0.612380325906248,1.57961727481042,0.208991389127277,0.166149661491197,-0.0799298725286537,1.14087460994756,0.244775874821977,-0.415997732180432,-1.45767890104157,0.739313915893142
-1.65190437928091,-0.768736429826349,-1.00477923529477,0.731169705385396,1.65868243578876,0.912281822420746,-0.796348470347511,1.29136297900544,-0.23049725724384,0.685278013881975,0.707503429193961,0.368633792914452,0.425225627474398,0.203803222472471,1.13119024098848,2.50191097156721,0.758505999909292,-0.455362246575551
0.159323221384852,0.20094556972089,-0.760259528147983,0.319880859828624,0.139464046005706,-0.283810016943041,-0.368166671503109,-0.524865772603783,-2.19097264753574,-0.368499148753193,-1.73895454610484,-1.70865118409715,-0.649866986529452,-0.91096043876497,-1.16375594927745,-0.530822356941979,-1.49020547759801,-1.27629712819752
0.00188500411156275,-1.12290368813257,-0.722254329388378,-2.54124019401522,-1.35593952659931,-0.9858621418289,-0.257646350038319,-0.344063045026051,0.011713669360121,-0.447677972454734,0.726133321313349,0.00394281770970613,2.05400845454383,0.634602886609425,0.505438111391791,0.735203652317263,-0.299830606959866,0.497561889937066
1.0009999296344,0.369024191313745,-0.497753690375101,0.901991377870168,0.412163567506583,0.0834854311596598,0.492735630912585,2.09299346538299,1.48825719791617,0.486554872767483,1.20111289634581,1.48246602852092,-0.156558458990046,0.616050481473052,0.399510396398376,-0.453536119545969,2.10157962681384,0.428318432568307
-1.16223231616609,-1.02753018759659,-0.927393054276772,-0.340800821615675,-1.5530677608791,-1.07957058090287,-0.467738542827471,-0.774115513715167,-0.661992127859033,-0.861795044955011,0.367808384724777,-0.989319638262979,-1.19700931524066,-1.41267718418599,0.115458881811192,-0.0891251441343136,1.1010768199169,0.139683775425442
1.17528891811463,1.14141459626237,1.65631070768349,1.16583084673421,-0.899379318611666,-0.103960745048427,-1.04381653663993,0.151377117376366,1.46500092254245,0.113083608393289,1.09390355678899,0.386372134663382,0.658422155755913,1.96301733614224,0.973449614333384,0.834738059995669,-0.687549656130853,1.21124025033246
0.19339450263837,-1.10010991952812,-1.65514511593089,1.06039953362738,0.264552661721602,-0.927312929184577,-0.153077592959314,-0.474765928531996,0.156642463232191,-0.200702719018367,-0.00921068904518628,-1.14987861355289,0.256134981255517,-1.66492581026772,0.134914926923521,0.332976909230776,-1.06170131454954,1.17945974078572
-0.739123443341448,-0.574310203524299,-1.63510517917359,-0.332085002560627,-0.560852469339316,-0.649765760510443,-1.09201357745033,0.460774506078468,0.216677136795716,-2.21958026021333,0.261540601168229,-1.74507206403497,-1.81409740239385,-1.33271628896573,-1.61734523321777,0.116506648943578,1.47948505158101,-0.119548166298181
-0.749437352068763,-1.29765430601317,-1.21444508341728,1.03718298397767,1.01334602868425,0.645725037034792,0.47850222581857,-0.53768183115212,-0.142103921276325,1.41186178604401,0.833578114599015,0.277728413300792,-0.842255611588132,2.24442588374563,1.045713999302,1.0515929998698,1.02126491501636,0.142198386758983
0.0827109391093536,-0.300089624022088,-1.10216150355812,2.06189176552305,-0.0873559048438998,-2.56034572372495,-1.74495252900763,1.10335132342652,-1.56178735017246,-1.10406494707329,-0.0178423458595316,-0.431268613587153,1.22002919088686,-0.0609777320522452,-0.208645009803929,-1.21734206453093,-0.226993426051498,-0.176996515176816
-1.91378791921444,-0.848211207387062,-0.764855395276289,1.51881510259539,0.211952250279197,-0.546697695779175,0.377380041633593,-0.805353121228835,-0.99653813549915,-0.0883190920928223,-2.50550491309752,-0.607384615951392,0.434717475063039,-0.426066853925928,-1.1907083892455,0.892124104400254,0.901520717104093,0.21639810049749
1.55349053110427,1.8185904872871,1.81642286743977,-0.76050295553194,-0.338199784541568,0.646715220320548,0.997499834217789,0.146714905878118,1.80215885982665,1.21504722419915,0.666760325649537,2.39373926507348,-0.29766992065709,0.561287419661482,-0.388015186975248,0.281940238404879,-1.0477040198114,0.224711716265485
0.255260677709259,0.301259013779196,-0.677255732962081,-0.049099510672886,0.536843437209474,1.19082437868844,0.714721343084674,1.80369800880777,1.00846298207137,1.93109490440413,0.718487528965778,1.63441031207667,-1.49542889891632,0.752296112355809,0.280495236672347,0.0172259823919272,0.860596357805081,-0.608002117697027
0.00141904893038605,0.230842089505718,0.061742691727334,0.460537258295638,1.82558189800936,-0.461128572356188,-0.401914148091611,0.652705290086919,-1.73147162377647,0.342939904806709,0.366309171368907,0.150170880832825,1.03862384848892,-0.17369190701383,0.788219734570734,1.4429948003147,-0.101256519048642,0.331933791747359
-0.528227176595132,-4.07368044988407,-0.522291532979174,-0.440992534690475,-0.52348123453382,-0.0534121073268982,0.343166364188374,0.846770640667539,-0.121311703281289,-0.352877661346612,-0.25078295618192,-2.14398705338294,0.581762830677544,-0.636948553205469,-0.958603619060745,0.471281335815878,0.582010255980243,0.0190580331272132
0.587290512655022,-0.0538671497688339,1.00953991508291,2.40606996469219,-0.659497359347754,0.101701364801163,0.140935354408526,0.77604854048447,0.831150529358973,0.457177408377106,-1.46211906775309,0.115555127010073,0.85306151506043,-1.19458185226135,-0.481720797330126,-0.415084878124702,0.132684879670561,-0.24144702709683
-0.0196810419076697,0.987287935590805,1.3242283743407,1.10895659899108,0.121556087181873,2.21251580836433,-0.309115057044237,1.25201041444435,0.197851335821961,0.882712626868632,0.532423245651905,1.62121269241034,0.286693866569059,-0.5981474169865,-0.773606013134473,-0.368556355555446,1.21948391053336,-0.962436550878111
0.71261542041764,0.930133402674257,0.476208514502096,1.0558830966398,0.239605744289939,-0.558189467568318,-0.171358425242032,0.5826429069441,1.06137839579889,-0.201950090596637,0.581679053267174,-0.0586821608255251,0.0510902820706072,1.51412013308203,0.485742869447374,0.00735071350010321,-0.383290330355533,0.597799639821843
-1.3447993567804,-0.986535614750671,-0.387648435818976,-0.695575049067471,1.2113222536495,-0.930798025564828,-0.402113174852345,-2.40380125545281,0.986701360892398,-1.70373079293196,-0.158218005619708,-0.518705820278681,-0.391379641411574,-0.568494254841707,-2.25884747945108,0.415133041824524,-0.549860931099768,1.19344858014458
2.62677048558863,3.09978452083245,2.25556994780045,0.529165162620214,2.25869905130751,3.85205455644506,2.45568416576783,2.46701924814797,2.72558830024647,2.82101756612379,3.15514559239549,3.04043168291139,1.58916533347212,0.70625805865203,2.08185589904503,2.13142281066626,-0.130296153812803,-0.182024704593069
-1.45085114843754,-1.0214675677316,-0.21700681705787,-1.77779833418203,-1.67819109245316,0.797412537509473,-1.42538841670642,-0.532005180674756,-0.676323801316825,-1.11605205423995,-1.47436232907863,-0.32068281886331,-0.114200926893405,0.700350725443824,-1.57733086874044,0.0979318472843158,-0.560033855720257,-0.0755469593474084
-0.602827088754682,-1.54302999669324,-0.573271279265251,1.26536781952857,0.0495663992693684,0.522340870459139,-0.973383338396301,-1.09350023798317,-1.08549905425519,-0.950643042733447,0.0908807105437646,-0.207974670340377,0.274994931773615,1.13502331372378,-0.0226614656597258,0.195067701644381,-0.217374746606813,-0.00685333713909029
0.202284603718392,-0.735900933518187,0.444800400908783,0.777112439508864,-0.266597506562954,-1.03301410156837,0.0166811726258272,-0.422777041358302,-0.52615418263684,-0.419039114729829,0.78163603154652,-0.765740147507092,1.37922567431267,1.0970689988827,0.188761369299742,-0.497191602618019,-1.16708256551174,0.0866828340541945
0.985597127142279,0.116446870046036,2.6948327572017,0.294296131016795,-0.536262519919322,-1.51859741213023,2.17747579347999,0.572824027780033,0.622467478236099,1.10041875201842,0.0574925717418323,0.565183261890474,-0.686897833415868,0.259064381070719,-0.711214911194296,0.0816041685566593,1.99498935429668,-0.321162669433724
0.602857232090585,-1.29752596172079,-1.62900136524264,1.09340871572603,1.37953769803824,-1.26553689898202,1.70306413117109,-0.227985429910203,-1.06283232898336,0.713167460126638,-1.64112427063082,-0.109423366214881,0.0569557303926241,-0.183040550753602,0.0447574478729114,0.126025596475263,-0.537937886212978,-0.240511196557327
0.199495895034847,-0.0523358855320541,0.0544605772378656,-1.74361126581164,-0.635545877062752,0.51716928463464,0.613161141259642,1.23184512958989,0.0419057442807426,0.544461262797742,-0.527562456436903,-1.72127276382835,0.852197258525705,-0.989578527275026,0.154829064485025,0.794544187804918,0.129007743056994,1.07343909933173
0.438120152682076,0.942223106579503,0.397759788384477,0.78011071483083,-0.673020428716984,-1.32310221705065,0.46104095497703,-1.11861709859347,-0.0719402854474485,-0.283416618455385,0.758108387805451,-0.0600210290665429,-0.425838803519401,-1.3077248977867,-1.04343617408081,1.06300397300206,-0.872314706093286,-0.0284184671429356
1.02535457350006,-0.837865974145382,-0.176138764735145,0.655597501640939,-0.647953302857062,1.67866618105586,0.561964280961525,-0.464436952204431,0.0891336080626833,-0.0145886666699559,-1.07732155251698,-0.589141721633572,-0.273404792087569,-0.244975312529553,-1.14018256960736,-0.38427965563857,1.86227633743328,-1.20619615499766
0.668407732023502,-0.178477415247885,-0.0542373884588568,-2.03059217894303,-1.13518312977135,1.85817887864881,1.38656960263493,0.183001598888622,-0.248475945072692,0.320464993655766,-0.962356354879381,-0.44580195775556,-2.5877806539304,-1.95571183499156,0.370809267396733,-0.546554392827649,-0.858289084623619,-0.598386196684402
-1.36761760224622,-0.525875558886767,0.206932097191644,-1.59167054872856,0.4110773254959,0.264891897588288,-0.530913074058143,0.57220230768224,-2.16414283814262,-1.40756269413012,-0.68896860956183,-0.130206639704307,-0.780169215154865,0.42391546601358,-0.123304537540986,-0.058726896089751,0.548725281782067,-0.0416940726110068
-0.389752216710516,-0.174148395566861,-0.168494206125666,0.341808980353962,1.7599626866472,-0.71477460381989,0.732884262747649,0.849792096709265,0.16641435895492,-0.199364924020971,0.239113560936494,0.45056242909895,0.702203688124309,0.436387601702595,1.27918025605617,0.768171978772223,0.985180355374678,0.188420386972201
0.551523442099774,1.05042895911869,1.413381083509,1.19471862261569,-0.923477004044059,-0.840663952953666,2.16705137172207,-0.184701953724773,1.86665484295172,0.0870941362998519,0.278859941654378,0.950654269861177,0.375995168112056,1.64287238081096,1.24691882394644,1.16130949548427,-1.18617426907345,2.30579943906953
-0.966587025582269,0.293052425445124,-1.37670967929944,-0.842754309191796,-0.176625525606968,0.0123606453175369,-1.99855870057613,0.0978435047056905,-1.32566492868583,-0.312659317494439,-0.264456860863884,1.1933576711638,1.03657734432854,1.68407736027515,0.447032899619596,0.132315486692528,0.990138414245264,-0.0876457599703235
1.92349763414784,1.02789684427152,0.281385265648756,-0.263797608500377,-1.34250472630184,0.448961045289222,1.17646224288624,0.775144952810548,-0.646466082303199,-0.544064253436237,0.439867301574297,1.66956787268549,0.389746084076545,1.14497393549727,0.645210864831622,0.746084105071765,1.18959784572033,-0.807489752456562
-0.928524201411219,-0.78798378556969,0.177898109502197,-0.45530904465936,-1.31546616419094,-2.13900087311546,-0.745404906341809,0.0796644908612327,-0.492883661774348,-1.46949669478734,-0.843765877539385,0.0292122430438085,-1.50566787343263,0.645582531190825,0.515968810044451,-1.96297302660984,-0.0148632993595251,-0.951894351344574
-0.652662063509998,-0.844157591508753,-0.594059165984629,0.303447350012842,-0.820496805209767,-0.83644407179602,-0.0272263305318926,-0.502329681270348,-1.42621250255343,-2.52229327861218,-1.8261528552599,-1.11796437570066,0.190182192101436,-0.903593107233911,-0.454753611797805,1.30130078117304,0.593016855774011,0.835397268868825
0.283630806803836,0.724427686832563,0.312305791017439,-0.706287510990184,0.658166422290882,1.54048057004847,-0.23885380446596,0.428310249403087,1.51238153424228,0.72964356591693,2.27787759745593,1.81659163105555,0.646989855225066,-0.440253288694298,0.0814527955586797,0.0216278704341078,0.22095723860166,-1.86664733072648
-0.167924554271922,-0.0538987507204388,-0.224861402245435,0.0919272936349721,0.0244850886425912,-2.24615618080367,-0.849906129754043,-1.4357440104935,0.205080924750268,-0.266659635011649,-0.000558175158741494,0.423076471476506,-0.032995341788431,-2.1278835543774,-1.07075509641672,-2.1678065838951,1.25407738186885,-0.903149913397152
-0.333532629540612,-0.230682369196955,0.239851791853062,0.0832797707110114,-0.615518354004554,0.182370775285536,2.17238291351756,1.65056188818128,0.784196245848496,0.834862847551819,0.912364217635577,0.771646095962222,1.88543341930667,0.521171608565109,0.112148976310325,-1.07436459559157,1.47501353698902,-1.3295094553637
0.589471327382623,1.96472308743324,0.795680228364456,-1.46155431252205,0.991115349497588,1.08516004817385,-0.96961456111709,-0.640908922703823,1.7005892162164,0.0378036686248724,0.970916169023899,1.42168690802699,-0.283074010821948,-0.505367656540734,-1.03426580451669,-0.232696023112251,-0.633506586380426,0.13973479900922
-0.532978676415171,0.566847017577481,0.679067195873877,-0.562829996554739,0.435492825429907,0.676737289771248,-0.72364554833848,-1.99544163406079,1.66690420781483,0.316596654594126,-0.927694835973391,0.682225064072346,0.729212078337282,-1.03740834370511,-0.290248461875605,1.48697812880816,0.596421453006307,-0.11863784959395
-0.587957707122915,-0.149525363243277,-0.0806964258783391,1.3567081706358,0.600532018056523,2.1627847258276,-0.244106462592928,2.26140348141086,0.563128693199825,0.467415125327953,0.138222844760014,1.61335360386301,-0.694706526662236,-0.5433797510283,1.15221450814283,-0.781612496477459,1.36388652472974,-1.54280138587104
-0.0292342441301045,1.11107748708632,-0.210804001684448,0.299630010396301,0.709474154841198,-0.357898976220972,1.97720015577859,0.996176901300943,-0.162070911278485,1.18354151706347,-0.56364917456158,0.940083076919443,0.478325886265504,-0.215548567612946,0.475161747965634,-0.557287925099337,1.43599597314148,0.537644054962224
-0.214350367130701,-0.923010647599252,-0.0760909187723565,0.908661713347429,0.0666413688301723,0.727941374485959,1.09490369556909,-1.30890009396776,0.845612910742007,-0.204872213832182,-0.505128925631095,0.590284859240159,-1.29549918580632,-0.0439449958284929,-0.212562039030237,-1.20531198599394,-1.28810238509797,0.595065570063504
0.374227541812834,1.59706086195307,0.843547327201602,-1.32768271826812,-0.26856612062147,-1.05034959522263,0.634078234639302,0.566493864521512,0.159128556146718,1.68310741252908,0.917355026761615,0.0972443396708954,-0.30386969702893,1.43801090468793,-0.214664858482063,0.163727748432692,-0.764596621025345,-0.160752253006952
-0.736545978135191,-0.789265988208849,-0.495452832760599,0.164273743224736,0.823366145103276,1.54767260440805,0.831156106537148,0.625510916535814,-1.18775869651397,-0.345055292666598,1.05940165278008,0.613292072276617,-0.0530219436658613,-0.1751798867622,0.531753112586234,0.489675688557042,-0.374546199105094,0.898425581382341
1.27418987453083,0.584463027005765,1.4073806686606,-0.0444828344931661,-2.14134705141182,0.67296068668182,-0.711361018473713,0.121869497682878,-0.230551397274995,-0.881804058228551,-1.05358700008981,-0.120713898046217,0.237357418723494,-0.0182097550341895,0.353872521244198,0.246989881215326,-0.941991209261241,1.19985051890411
-0.70838575703178,-1.77080924073489,-1.35860451348899,0.285591602122494,0.886361725122709,0.259845490930095,2.19446623048171,-1.27966093738445,2.18691225806234,0.269236348878579,-0.365169118106361,-0.512875023405577,0.0862457752832434,0.661685740480271,1.43399785673349,1.40763727148326,3.09488170780409,0.116872926572736
-0.284236137990187,-0.96055714702363,-0.681279438678147,-0.507861651253594,-0.631693642654056,-2.12336707746979,-0.60946324714427,-1.01414619613713,-0.323235516942675,-2.37736264456302,-2.92644258053101,-0.593642221946279,-1.85452682769603,-1.51077853032963,0.505116727610875,0.191342696490759,1.36065622517129,0.851459160097735
-0.337339666562326,0.295827901105694,-0.437960607769532,-0.136320782709136,-0.415898339467813,-0.100726862212212,0.680232983616702,-0.126904429064478,1.1952800246981,-0.044680781714761,-1.12278265409652,-1.15574943038269,-0.257362735729069,-1.39353398438023,-0.025531833298256,-0.223130025512656,0.73829540959166,-0.537199200630326
-1.40645898063566,-1.21895256240643,-1.24230080649376,-0.346438337154469,1.06455141000299,-0.68139322286441,0.192556769606761,-1.60635797542696,-1.76863602027556,0.135217143605759,-1.52859276264816,-0.544792308744453,-0.369352340495441,-0.219774129764798,0.867540605600639,-0.302921912231049,-0.549698855916041,0.464022646528169
0.509219149689464,-0.675907929024679,-1.85788151042892,0.573603718119931,-0.464828977650655,-1.82342091363404,-0.268321510647736,-0.0744178328447592,-0.562470826815293,-1.60189760504865,-1.43264953525607,-1.44880462371637,-1.06263135992968,-0.291589316175239,-0.733776866203295,-0.776412163337156,-0.208589783370709,-1.01533543795046
-1.02406169854671,-0.0906733645853347,-0.423661143830958,-1.38288886591398,0.812122333576166,-0.29401936752664,-0.367943587659999,-0.537309177502391,0.179252596272024,0.158623199428643,-0.24311096183429,-0.677086076288947,-0.154836016673986,0.551320012441637,-1.25283965089296,1.38207194409837,-1.16081175143168,-0.119638843298308
-0.409667946846858,-2.12596345217901,0.538437082386765,1.18882498558634,1.41484326842706,0.609019549362345,-0.358625227128721,2.10269719966114,-0.735393289359516,0.612749031436646,-0.449235782675299,0.246853726992954,0.814190576895967,0.0840450605472423,-0.125090609123025,-0.506334884525387,0.872995546556022,-0.135234518413634
-1.46200002048283,-0.885094000709273,-0.331407904110662,-0.297032358101503,-1.27670153777186,-0.87582634046944,0.922045879677564,-0.734272035617874,-0.125769138426574,-1.783444204259,-0.0603616702330272,-1.50661169276102,-0.104484558579988,-0.256261086986016,0.141543941310807,-1.10801028218038,-0.209717582433512,0.0807883349193714
0.293295797879713,0.516848270665852,0.258768363112619,1.31298926612604,0.0622471428623231,-1.87514236080771,-0.809945630454839,0.082944164667584,0.921112635747335,-0.299103397486599,1.84123329140452,-0.214179987204352,0.539137616732231,-1.45903918379487,-0.25428336979267,-0.0362530615007025,-1.03074939477826,-0.140705260654693
1.5830085395934,1.27548626887088,0.958844873303188,-0.0673598664600579,-0.83023371278847,0.61811538086419,-0.225740470773554,-0.706105443464174,1.18520829267081,1.25418734278035,-0.0838060780729344,0.65262199249157,-0.305521532487145,-1.11349272063546,0.394770450042128,1.49117349974538,-1.73757019921475,1.50304183818129
0.56383180220782,-0.363225904934063,0.752473411350323,-0.574412703518079,-0.206775109475726,-1.75761398027883,-1.6369750126018,-1.09205446653223,0.0563241700765987,0.54952167326607,0.475963132456783,0.925180135486419,1.50983670021395,0.744611987653613,0.171519507973655,1.50253501642935,-0.714670986980986,0.985819188637155
0.0803979637299955,-1.70227245746706,-0.312078412624394,-1.1202235516821,1.80119411611872,0.724429792662518,0.0011003556359959,-1.55736817733031,-0.390265993845053,-1.02983143501264,-0.833273656013688,0.191624178054287,-0.659901817593461,0.0559967729274673,-0.822921995448056,1.05140723197402,-1.13809916858303,1.94113027640762
1.55609844194147,1.44236932076961,2.74838989630969,1.46026436671291,0.919578598686612,1.72937926486372,0.738843924591663,-0.305576922453783,1.35192291610704,0.328730495790079,-0.249602069996777,-0.495322904627804,-1.30916603987625,0.256030032778132,-0.440810937324273,-2.42932787107986,-0.0772521131742744,0.26052015008983
-2.66781583865186,-2.98022938960638,-1.9939055455115,0.4686858738994,-1.00204511673831,-1.55941247083313,-2.01623604024744,-1.07584795486213,-1.04305393821422,-1.74482939623092,-1.93813110823013,-2.02607612186197,0.360639115988388,-1.66929973137191,-0.315183508894768,-0.157101430384103,-4.46984770612468,2.45633874834311
1.19474609358733,0.404349647196846,0.619648470541346,-0.135167788458051,1.54413260040283,0.68597712057254,1.78414181538918,1.42286574161893,1.22667684106861,2.1983834786638,0.450148383357686,1.54719590238111,0.577425241551045,0.301837951149953,0.53422534979809,0.607191586099459,-0.606061807461523,0.264206156062645
-0.027876875662837,-0.71945888183743,-0.800293909125413,-0.00999286998682073,-0.0504167653719988,0.372018469263256,0.0821962596079297,-0.615731411346085,-1.062543839669,-0.372250919885272,-1.82613545308757,0.762293949885432,0.21357383885616,0.874906198798213,0.119219277126609,-1.1492450027616,0.840102954919007,-1.18799999337268
0.821796934977831,-1.62700891672676,-0.864615503471068,-1.12772309151481,-0.237495450917247,-0.715323642401413,-0.192541473507425,-0.240566804874651,-2.14628036668943,-1.49436429347946,-1.51877054445495,-0.0554153324399101,-0.446930718431004,-0.655535115881447,-0.359863004970697,-1.55622141774605,0.0762858761422776,-1.10913122473498
-1.26658016532168,-1.07629759550077,-1.78575538096352,0.20836638130458,-0.372093640357401,-1.23368505692847,-1.46665234197707,0.152997204958875,0.182464484090358,0.128210860442736,-1.19579135354699,-0.440359299310278,0.362014142268925,-0.787846950909185,-0.885426723204735,1.22933463364533,0.584113620983587,0.368193502853814
-1.04580322729728,-0.750313893978813,-0.992246372654959,-0.747356479729956,-1.38952803305359,-0.992633800402411,1.7118348768227,-1.34825286349752,1.56083121732339,-0.590566563815254,-0.511475674724076,0.492736663960247,0.702964103131116,0.00383194256404174,0.325664281968273,-0.179760982741475,-0.00687653559629972,-0.00233035526969651
-0.186141693723813,-1.57723148796993,-1.55450927019567,2.01719947677081,-0.623402614708048,-1.79366165738574,1.68246804021361,1.03331553134282,0.643395993373018,-0.391508523560602,-0.94604566959532,0.283613987455779,-0.722857044758007,-0.601342310501377,1.28436303297585,-0.770617451020442,-0.469603566874101,-0.260249603460843
-0.0108240267533938,-1.40804666100686,-0.435999567998267,0.929538698448918,1.62983289050156,0.970469808739725,-0.586945160191843,-1.33687458610928,-0.46313820594384,1.06342045493264,-0.747711968382528,0.539686009475216,0.0225022095447452,0.938359577391229,0.696718717131729,1.57714192609046,-0.80850406161628,0.978291991912514
2.08332251586797,1.66323114791778,0.548983121946188,-0.187368207201268,-1.16505364947974,-0.245342926958751,1.03740791083778,0.988331380062042,0.993744588055348,1.33790197425089,1.87878773847621,1.52033405975775,1.04072350895601,-0.31884590967247,0.261272309444723,-0.136338443594569,0.593885102936906,-0.614447663454875
0.478611904475974,1.52893093048369,2.36193044806697,0.670762087567252,-0.273027871317014,0.150806351821382,1.76149681763151,-0.339243232359932,0.422039805082949,1.03216979739816,0.497859169027127,0.790564993517349,1.05248860453681,0.395177108966991,-0.631329605524362,0.239078815520504,-1.79731411232233,2.61486703307686
0.104559738912532,-0.0427272048831998,1.26745976594082,0.387869379930184,-0.0663378742482788,0.264392632588611,1.23852865079303,0.335259714036141,0.469274957940795,-0.196220271546056,0.792629683580914,0.462922462768252,0.860272679977901,0.2061823010585,0.378156228002415,0.976971592784241,2.94267020418508,-1.06692277363463
-0.0303586284419348,-0.564700506596615,-0.989294388924655,-3.38911907611374,-0.805936747311166,1.11864732036078,-0.826711643977247,-1.96760580367924,0.14424649399599,-0.755155202610331,-0.0498506753763228,-0.479193549610785,-0.555351722937711,-1.36757571533988,0.0274280688972163,0.119205131640495,0.0793856454525662,-0.200557518339699
-0.635246958094891,-0.0920765276941513,-0.282609948965858,-0.396817803996069,-0.415624221582477,1.06717486296791,0.546227586267381,-0.346603487868756,0.957951435847037,-1.13995538371795,-0.79977700499217,0.265800653822942,-1.61219516650637,-0.251758797054634,-1.28454285326975,0.425206227170042,0.150454573528867,-0.741607522943029
2.20104349735311,2.16195372558959,1.50940566441502,-0.773672361147845,-0.622384703669954,1.2975241879241,0.634460182326906,0.670408385284881,1.27622709268569,2.67130378271409,1.62572584374511,1.65280918067914,0.177839821358879,0.250570427987229,0.109387329059896,-1.3074571267228,0.63109939061044,-2.28375897240697
-0.74444489359966,0.672164024150803,0.247454769046835,1.15313993429382,0.53574860195519,0.752898436972178,-0.551529897526888,-0.217871257144879,-0.566919233927956,0.461266241838451,-0.119398065885644,-0.514753378260512,1.02582876685724,0.869588084791456,-0.57729579838465,-1.84831989110028,0.467920736442977,0.232956197569541
0.834655748754968,1.37834808061356,1.05436050739327,-1.50626551499542,-0.0607840517807746,0.254494918697227,-0.882338069727403,-1.16970360855638,1.68940909795917,0.580189313066095,-0.152736512275361,0.894514028208831,1.07261978018969,0.052635587965822,-1.89509154673049,0.093622678202873,-1.41145303570539,0.346209250998547
0.823465378467754,0.420847760461445,1.48491670905252,0.306814551313395,0.337980588523848,2.10054858228246,0.0308722855636727,1.55701422299783,0.91692453215439,0.737751886356514,2.3586590403175,2.76723649737265,0.493512219838066,0.92705199695528,1.41227615789567,-1.21117323929325,1.57955376231034,-0.367121204922821
-1.03605541704941,0.135532849673386,0.46289285547985,0.875951040662731,0.353660988669205,0.837524266444735,-0.98293088309592,0.275555375433094,-0.560688221839828,-0.346193782423128,0.680571718533034,0.0738583236549661,0.698308308277186,0.446312307676745,1.32973157588095,0.922379748535849,-0.656076367593021,1.24839117420216
-2.42617507636369,-1.46528258413625,-1.47552452776707,-0.018086181915029,-0.445270982320186,-1.02639915012798,-0.0797379600721242,1.72469441212733,-0.0852688661849532,0.600083979824962,-2.36623957761239,-1.27536749286242,-1.15844597779232,0.0819552774230708,0.74009803324013,0.344967529195305,-0.909197697900719,1.17562609620251
-1.05309703165977,-1.39397274531476,-1.08445954903418,-2.33955216917347,-0.765778302962319,0.143595849342284,-0.131298190490171,-0.805731361920704,0.338306478550761,0.349282314387827,0.434419097779009,-1.09765120554436,-0.833727979463778,0.205086271029109,-1.53846169276195,-0.208001909649732,0.22354170817621,0.543268917539945
0.193778109498196,0.351116164222202,0.01001150525699,-1.88080863155177,0.912470834041059,1.67809062981937,-0.608354978812057,0.651774191087577,-0.636248518686863,-0.264911336054411,0.574280530106133,1.26039662122163,-0.603301932248507,-0.365485165138647,-1.73601875959236,-0.174470749327428,0.829618076350062,-0.0181865128063618
0.412561169799515,-0.198193734166747,-0.699276199676021,0.302120725247365,-0.984688392532687,-0.209579390803026,0.335794143513812,-0.528261563152971,0.406453715562945,-0.0946525233324127,-0.74448811594595,-0.596606005698696,-0.292918004411947,0.122080160242319,0.225814812089341,0.817437415958375,-0.725056933869559,1.02074204245893
-1.06939686474818,0.213330958734842,-0.746824594628092,1.02611151977411,0.744201057108462,0.887724644036775,0.112171027183308,0.0899694375601996,0.88363268860295,0.292593099972631,0.559218821113195,0.233972007684999,-0.303990921771073,1.10079057135418,0.964666053747235,0.386590538326455,-1.77649300162684,1.65809294636489
-1.20352110095171,0.737898184676699,-0.969458236595299,0.734943922045007,-0.426583080542935,-1.99851431980859,0.133114637740512,-1.30143909563919,0.446833073715174,-0.833075478415757,-1.80813973520716,0.191467774974033,-1.86805251241225,-1.02638201107453,0.388595227058278,-0.323101214286282,0.162213119477675,-0.682091445489048
0.54262402553037,-0.407347604590648,-1.18234789398135,0.594550844846691,-0.167771822279066,0.728723638062531,0.674748231107957,0.497512944349678,0.754294175848232,-1.32691354295939,-2.29088017128738,-0.181991732201622,-0.378321998028071,0.96033868789913,-0.312173780797423,-1.03961427670724,0.281823334154086,-0.161646508922341
-1.28804030736686,-1.05547524877211,-0.41392450826799,0.809649201138214,-0.109095863274,0.581129331047218,-2.68616924867121,1.95925391940715,-1.98389785634173,0.14797975180914,0.566477792382448,0.21617470268473,1.02177489255789,0.173619473244761,1.81394366021137,1.70403319232845,0.0939502815381726,1.20854273737071
-0.909260993798334,1.65704593859246,-0.432412022397274,1.3710269662069,1.52531484633334,-0.0362400330782196,-0.899176944046712,0.106515343089602,-0.416905665391194,0.880010608713772,-0.516182967557888,1.15588572121669,-0.105308003779252,-0.261018910964472,0.433194638881309,0.782055180479842,-0.924155887728962,1.77616498957372
0.354393935607539,-0.246648008553713,1.09837705265857,-0.0899892302052105,0.907881061834268,-0.125688152387024,0.255413401232552,1.85592470713606,-0.331363732572861,0.132106286679062,1.01077630767036,-0.870495239121489,1.03735832153229,-0.00954007243752765,-1.6383091300092,-0.543309333270601,-1.15458799379937,0.811852041268934
-1.74826737894699,-2.79873285152303,-2.17959814972263,-0.4529373797892,-0.791455908068744,-0.678511225987791,-1.1225490244526,-0.134043487261954,-1.46267898772993,-1.06273348274369,0.915284075745814,-1.53533825185073,0.221644546554109,1.09177037131851,1.34379917972497,-0.0955919265534132,0.318833993466574,-0.722507050576135
-1.25902598575381,-1.82155804901922,-0.0978939444189127,0.621871438582326,-1.01619785993335,-1.54020761455245,-0.867374495690603,-0.865866115681952,-0.9634903783178,-1.96065194866071,-3.58307836230444,-1.31923306054748,-1.4820675476157,-2.12805553758373,-0.104877747358908,-0.0560617650255356,-1.52153840239796,-0.0674050599672101
0.73115397127928,0.397872775301184,-0.28461001740145,-0.636176637568,0.485397352845093,1.96711274121625,-0.44897290704172,0.193718061401639,-0.603333065523146,0.800018640349737,-0.129672925380511,-0.343350980930316,-0.423221579975474,-0.50235348949796,-0.0929600057209114,-1.42162536982597,1.18231521368347,-0.779727134148868
-0.906924074967667,-1.45047764850779,-0.262480197735335,1.15437320692542,-0.157743872905892,-0.322456606804251,-2.50449845362354,-0.0046923376137599,-0.469718948955315,-0.985001102793467,-1.34449400777183,-0.409725678010541,-0.417599410043933,0.282193367317793,-0.612801816492449,-1.62913569253983,-0.00409091543766721,0.00202438389784129
1.0768657399856,1.19775991472432,0.233397914066926,1.23018255845287,1.06016241898649,-0.770933742672126,1.25223758548735,2.24380329560313,0.88491779777144,-0.304927735897466,-0.0601291351143233,0.750313982256482,1.08874937677657,0.223281491273419,0.131390711348875,0.309461656810561,-2.58882857747968,1.05161019298695
1.04452802690807,1.43062559279225,1.56960924925045,1.3772751398345,1.06684066234718,-0.229051437816956,0.834955371173237,1.83123487940051,0.428356175394364,0.942577560112345,-0.99722591686038,0.947407002734996,1.14214975598916,0.880927146091402,0.765932320717774,0.0479097898864974,-0.910814311896863,1.56337331349916
2.04956107949106,0.925478566771737,0.420952238556568,0.226964947365714,0.838392179098201,-0.115547625573772,0.176932267788412,0.533875533496992,0.809350242452538,0.422183574163319,-0.822843315312253,0.182775407044674,1.83217873724644,-0.10760441312109,-1.01149835485011,-0.501568025858338,-0.0100569583484337,-0.932092808764872
1.39470474096622,1.33792780472494,0.908070585534229,-0.820754096002117,0.760925372386952,1.80393017286045,0.595826978519595,0.970039109864994,0.316902837071218,0.379980904419358,2.13869468487936,1.6964857639296,1.37422628993079,0.940529514208113,0.910302667449219,0.863039661824271,2.43750293486699,-1.20481948811331
0.114133240852748,0.914238453937186,-1.2726673730713,1.14095847245415,0.103280159443171,-0.526927255813075,-1.39061782895863,0.674742996708787,-1.49685976390953,-0.125302557054429,-0.724964060334468,-0.431365079248596,0.551621258593425,0.980096865976933,0.221235181292584,-0.976747367002097,-0.179937622916889,-0.523505919703514
-0.283032583300735,1.91851525739694,-1.21934861711697,1.7351551303759,-0.401350955443634,-0.169283232824265,0.401569182309409,0.631477492113719,0.918526728477278,-0.181485336699666,1.07676263481245,1.2509855069591,0.33482055113254,-0.498664227429234,1.02689648755635,-0.05797482359409,0.303269104165548,1.32688209210813
0.675488686498938,0.34769727301426,-0.111957290526161,0.317973873113658,0.990079936925355,1.97027186389979,-1.31978866750925,-0.224311595793653,-0.173187197114513,0.307422259710174,-0.756594308711785,0.390265130852591,-0.361910245456784,2.03514536691618,1.63090502222366,2.00554606386115,0.647945955512826,0.0787026191930646
1.05112799288092,0.930277927029068,0.263954109681207,0.330802575710501,-0.771235193656385,-0.41162212563343,0.136211678190741,0.403469080458648,2.23213453786941,0.83267982641215,0.590077321044852,0.185249518881449,0.342557029315524,1.87373026637473,0.606423951273439,-0.403380519886734,0.460558396753159,-1.35466604703595
0.144168972912102,0.287623510547886,-1.48082801619982,-0.881272844929236,-0.151339822465356,-1.36944036767302,-1.59091595527618,-1.00020989712052,0.396605230401138,1.57457791359924,-0.596402959641222,-0.414699719504806,-0.916925325222433,-1.48240330066016,0.951622577061608,0.451984778185833,-0.846951619049008,2.62253860492001
-2.83411839708796,-1.48583034866107,-2.00687095016412,-0.235045660746842,-4.40321907713908,-1.43243030444172,-1.48520355738854,-2.06915068102844,-1.31806163206025,-2.2039197902914,-2.03105867726992,-2.39916795680967,-0.657848866415905,-0.870219800507063,-1.22159982116045,0.928754723569702,0.350999061614986,-0.714275323216721
0.427793243231903,-1.16453377499179,-1.05554918685199,-0.358378486831397,-1.3518903367794,0.779955220758102,0.552411778495696,0.219722615617106,-0.487245116312217,-0.740896278958192,-0.775443182632303,-0.538816303763053,-1.60397191981327,-0.0304958287381217,0.472620326865322,-0.430822434534859,-0.143883453352219,2.6006473647991
0.813240418892382,0.0897872801159061,-0.377577806570197,0.317850633986588,0.240439190316349,-0.164779109477275,-0.157898716545657,1.54414008417366,0.691760877274784,0.683517936424213,-0.801606297956301,1.72628719631575,1.64271338429941,0.743796774613888,1.4173605421237,2.21671581166935,0.0105484681111588,1.19265925093475
0.324996553718245,-0.316909414614927,-0.712446233212552,-1.22671808561766,-0.231325851235368,-0.176978185024822,1.50885711841813,0.0795081295782825,-1.14162381459161,-0.824653844917471,0.0801894181488093,0.067621456227519,0.481851104161285,1.85238619502279,0.936010819562553,0.624809569954457,1.96198221418895,-0.509404095728659
-1.24080546115631,0.347211423614676,0.356551910202864,-1.83405296293118,-2.03406924785412,-0.374410384522752,0.958057615184734,0.635561728644679,0.378670915036908,-0.813124686931901,0.158114197231679,-1.52000045131265,-2.13951876196153,-2.14554493643101,-0.281372405619163,-2.07849947519716,1.05814684587194,-0.990199931901414
0.520358267905355,0.0162937751978847,1.33356244100805,-1.50858313366185,-1.41628802078932,-0.357594855667369,-1.08962722879852,-0.689044451124541,-1.60711044504823,0.114548996266956,-0.0856869210994047,-0.356407244727787,0.432198910115143,0.48996178161704,0.89860006442659,-0.923860945246926,-0.506002546655835,0.695607583586437
1.11678441473564,-0.432894454750528,0.870623998365508,1.0676578836715,1.01164326872319,-0.55009542133612,-0.188365529357603,0.67421866543393,-0.130813047824326,-0.49296746884703,0.641792122294369,-0.916351060560099,-0.591577031012084,-0.455028912776563,-0.417937892268803,-1.49326423270699,-1.31535844927096,-0.466460500310693
-1.01306451241706,-1.30434415094369,0.424576682672143,-0.663701645042699,0.972443120581249,0.19133893358041,0.372999831357685,0.449807270850705,-1.13045656941675,0.95036591906535,-0.801971224164042,0.37802331207393,-1.29329854156448,-0.608869095165815,0.473394689928868,-1.0092145591994,0.0545965797645724,0.662482891078163
-0.49880225770737,-0.0932630459165963,-1.33798270977382,0.782980726570241,1.63481881914541,0.943399479537493,-0.415851302315648,-0.237750008298473,0.894517439471314,-1.23831576257716,0.230964039475198,0.92580312637096,1.45989106660692,-1.24876262980378,0.0847986602442174,-0.167087235816258,1.60336050516979,-1.34541040449614
