"y1","y2","y3","y4","y5","y6","y7","y8","y9","y10","y11","y12","y13","y14","y15","y16","y17","y18"
-0.157682402118499,-0.619781837070955,-1.30775455267417,1.9146916393793,0.269739524856441,0.0330304053836398,-0.414499131318007,1.25826840354064,-0.842396223537806,1.18810897204029,1.57950173798717,1.49543443616631,0.342237304002614,0.102042219877276,-0.783962223844809,1.19492363597854,0.370169614417808,1.70770800570462
-0.0148001099708097,-0.203030326567643,-0.978556482190136,-0.807552124764675,-0.0692929242886294,0.992896665188016,-1.88247857194635,1.52514821593363,0.689383057190953,0.817231072752058,0.996063217596351,0.83757068304803,-0.85723478477318,0.00254344243794831,0.187605472248063,-0.736590666189343,2.06773634353266,-0.868558238333413
-0.1101624390439,-0.0517540554423331,0.790623642333989,0.665146009094885,0.576426102613161,-0.887132103172957,1.80741322752827,1.71252295430271,2.209711193329,0.306346006810044,1.77529428143939,1.18875741716295,0.237102697040252,-0.968760308533807,-0.74350429616048,0.832069905859095,-2.03920721990361,1.1150543475678
1.11993283187117,1.50580072306733,-0.541352949167522,0.587254555926911,0.822658275530343,1.57660674502604,0.818965601845136,1.66678208887606,0.6394676418128,1.59050326964079,0.391069278386197,2.16675981706795,1.32996738708804,1.266408534657,0.802515834715257,-0.374950745386495,-0.31390233726745,-0.694457428286473
0.911644388047778,2.25782494859619,0.636317745575717,-0.761432540286684,-0.667128914356441,0.0758847884059982,1.10616822772297,0.261204555970324,0.627661815587401,-0.374068137434586,1.43333040433487,-0.136074052675519,1.00517290608861,0.676822422714593,1.90785434769136,-0.19283174722362,0.0777552646169907,0.27515258955734
-0.454209256021775,0.888161031683496,-0.46642217304285,0.908617440655353,0.774173719228648,0.254881126159643,0.608799802771499,-0.0583672957110974,1.75618348502793,1.42530225060848,0.154937018984453,0.814568344455144,0.0795657685838321,-0.0896192072312055,0.401818219477737,0.339761727273372,-0.578581438720667,0.622730695561982
0.78498879624994,1.23725226792302,1.41348917700108,0.571115254155817,-0.840170308394691,0.0385075201427664,1.52242251787522,1.80857828905309,0.707775913941004,0.899725977390173,0.95002760057351,1.52351254397052,0.316372663626106,0.329096619400393,0.97683014442793,-0.802113559699749,0.674584716173622,-0.524926957234683
1.4989178688187,1.46322864631163,0.906677855040162,1.12235129369203,0.598126331476666,0.438325709706582,2.20656191698062,1.04835199373006,-0.0625531936404239,0.915218128257841,2.686717541201,2.08736694576326,0.806740211544079,2.54067398293673,2.43428370403673,1.30072721458824,0.0105631697210997,0.231971003968305
0.26241135365798,-0.700014045785912,1.108145647943,0.133534096422273,-0.60891511399374,0.902031015775102,-1.22471907156104,-0.0600607521936805,-0.517725697352062,-0.826473692275163,-0.450808740365971,-1.16211340273873,0.607022960319455,-0.769323593068904,0.272181621451902,0.277657757491942,0.380874956824823,-0.586152711218792
-1.14128446397145,-1.0311152716697,-1.00803114533313,0.722138912101814,-1.11091085652556,-0.376409346976603,-0.346387679824579,1.27346127799612,-0.995615662747314,-1.42276056476755,1.08223079731225,-0.450814801025395,-1.91723941671747,-1.70474320012408,-0.844509292416162,-1.24201855041726,0.942048737136879,-2.11798470520786
-0.366930223657357,-0.166857700044945,-0.407687384688742,0.430890337562987,-0.342708819087293,-0.544557541046194,1.22266068889728,0.207865848399205,0.647546918735726,-0.837936584359006,-1.47052756775773,0.981215304450069,-0.322048757338231,-1.13144020181916,-1.10756309979627,-1.78257384100398,1.3716792808999,-1.84238196873743
0.417527493573657,-0.0622641508355198,-0.0583917934318667,-1.70738475000892,0.380627928913408,1.49857056500361,-0.269109715341872,-0.555440984916251,0.252616207178125,0.175147214462861,-1.56508613629413,-1.42468065333791,0.393336517775173,-0.702067407122221,-0.267571176296992,-0.460597542958707,1.61216418841224,-0.431983379836726
-0.206126689992296,-0.466206249108442,-2.65153913617339,-0.220813236672961,-1.37888609660491,-1.73865890953759,0.107684852847753,-0.380587182346295,1.0896486156693,-0.371347067934005,-1.40492053001771,-1.74832294986572,0.567972742235349,0.365907481360769,-0.0714852056964405,-1.25242238863055,0.791702412603359,-0.371621154060898
-0.454564702946587,0.407304331406007,-0.30994862773385,-0.479379949392342,-0.113625299780395,1.00752417106846,1.69565654438063,2.1875597440666,0.310424014738026,2.23788348396828,1.5680593993144,0.832683668855059,0.000791135145637098,1.34280731792881,0.119808079108085,1.74619685941076,-0.735436304907353,1.07964821206449
0.170078694608034,0.775703262316011,0.107472416617243,0.522230523287213,1.41737341686303,0.758652061879988,-0.470166178155662,1.51867203190482,2.36195674616828,1.6806490342343,-0.0710645609341338,1.00031110717201,0.613118297485054,0.240890359658975,0.606360684850832,0.76491143481096,0.300124945369639,-0.34981663088724
-0.0758637811877048,0.203052012918859,0.307500599004438,0.701643021815852,0.0721315379097826,-0.0447353499059477,2.63042649133805,-0.443130094539449,0.19382678572614,-0.701887102080489,-0.974373622596479,0.796970798550676,0.341873243419865,0.0695498349494282,-0.485165620282455,0.83795590172845,-0.19442575939673,-0.331920806067325
0.832530433546065,0.929025230542232,1.26564845362431,0.39960039461313,1.48381856139531,2.26748341277604,1.83889547135526,2.1921535945962,2.57044917354956,0.606198239716888,0.887749059408924,1.63473683118745,0.427752185958079,0.363619461056304,-0.490039133282336,0.0436902263500857,0.813136831919594,-0.310479745789693
-1.19437759174782,-0.0695409044542596,-0.667188397051973,1.80932352957029,0.00139636013226918,-1.05534347848869,0.20532125215911,-1.29056927214316,0.351121618057858,0.479823356630975,1.69483217969652,-0.506794410264552,0.373313465146844,-0.119451042185628,0.498119097131662,-0.951161541741481,0.907610351688183,0.373679352662215
-1.46476356224853,-1.09490797544257,-0.489113533498339,0.0245059316544265,-0.914974700879606,-0.725170025202889,-0.805644027523434,-2.07862096890709,-1.11859546798588,-1.36553265106557,-0.683488031785356,-0.887987300056315,-1.14462347996447,-0.0176422066258741,-0.41546324336294,-1.20627145310664,1.85250668086636,-0.789939311552239
-0.0926562821802126,-1.10123677428733,0.301538498997792,0.853458061656186,0.189472786053762,-0.707709859858404,-0.404718680531828,-0.0993874802979133,-1.10312565722169,-1.92291993941191,-0.311917553714059,0.0178830364751199,-2.18588903585887,-1.08495272182752,-1.07823158696611,-1.86802661889641,0.517518838921697,-2.04741060482089
-1.15656748928309,-0.434906089322337,-1.05806788728235,1.57494716541266,-0.359794176468455,-0.676332039454725,-0.402845377168398,-1.77354817616586,-2.094613132644,-0.850219080370395,-0.551747334887895,-1.03420906800791,-0.21182292537426,-0.923291011881908,-1.7505996092495,-0.967005013832597,-0.149663467957014,0.680308558061284
0.425743529534006,-0.463495312448129,0.600735942029645,1.21897106039114,-0.68916772193151,-1.18400548054392,0.360215783235002,-0.357919924169419,-0.162138588274822,0.591816305245514,1.42821580044583,0.674461407496092,0.0545908784373601,0.113287970106268,0.482112427480782,-0.451886473027205,0.342552376746193,0.971137028117961
-0.435311629016601,0.980664126361355,0.539492612574439,0.81426007223919,-0.807281119175388,0.382914741896951,0.11683185457056,-0.153219570522188,-0.703556217223118,0.161011265116245,-0.148254405752908,0.418953172129193,1.02839039548895,-0.444113252498221,0.0831997422134035,-0.427459172152205,-0.0163036021114707,-0.481925127211547
-0.621453035690703,-0.156212030518902,0.873841971131595,0.876921791250067,-0.0926279997434765,-0.447512632842958,-0.408722725425412,1.42000390495653,-1.25508807424115,1.2022226502952,0.830546313376027,0.67222370899347,-0.958056257718641,1.19175729941613,1.03588150714406,0.0288331960889686,0.241687885893725,-0.0722681479514413
0.136004712994655,0.58221427350422,0.925880120732893,0.138181580333353,1.22352587818926,0.994176156010019,-0.0842536640222811,0.62850708146095,0.347714355612582,1.46239275545888,2.21735219979259,0.382463178505619,0.690211067606501,0.277883566772769,-0.477645878378296,0.872058890854717,0.655871641661974,-0.151254761558217
-0.857652131345658,-0.551194719444629,0.662657479044589,1.12506096831333,0.781926205210664,-0.477989830631853,0.523463972468666,-0.131973094847073,-0.109781460495701,0.00127789143553271,-0.080701446606907,0.0374116541082645,1.25368557575423,0.173389732348176,0.0136141972666609,0.586973103873739,-0.2995828296518,0.280021064715135
-1.34241254966414,-0.994328649442248,0.490432526834729,0.536366040012271,0.0779690167161795,-1.01529578404653,0.615169174080017,0.126728400528034,0.14592550764664,0.379880415108912,-1.15121470128316,-0.470563024019213,-0.778422150181457,-1.48646414003176,-0.595868030906322,-0.90709019804575,-1.53261743243056,0.906710250644366
-1.90779726754092,-1.17459616021831,-0.315029166816042,-0.0774767335979421,-0.481596049746,-0.10098278899478,-0.0696187722021449,-0.131360681236172,-1.3122686785614,0.289630713359389,-0.504067138496322,-1.16501880690864,0.83561592945644,-0.197843451116777,0.511506513922749,0.765147952285688,-0.197222578508261,0.704657273571222
-0.68614407435166,-1.21903529894919,-0.830332514286674,-1.57734364636804,-1.87880642798207,-2.59624780755685,-0.0127905146388799,-1.10489233846408,-1.29485668363614,-1.98320291614355,-1.21141814714502,-1.00555794148186,-1.61238959668757,-2.8384863960072,-2.13441395526518,-0.529550846985516,-0.689975409181627,-0.996039340889484
0.151071122710477,-0.43512845603827,0.47408490407975,-1.07595974399834,-1.16895356809403,-2.02081560395392,-0.0649140686617245,-0.388287911970177,-1.1704756803232,-0.287351393786591,-1.57454668962193,-0.834593196653263,0.450035632609127,-1.27154034729459,-0.567793390828181,0.13178610854794,-0.652963353240416,0.636199545703383
0.389731098587552,-0.672248872590057,-0.0179161355029348,-0.743895063850687,1.00769090125551,-1.07379396691104,-1.334778644757,-0.891794977476431,-0.500878579841498,1.70415838995536,-1.34547809668558,-1.23786556611601,-1.22634558940106,-1.76605358718581,-0.837174006707547,-0.0571669407062859,0.203551941207919,-0.586290806454106
0.579813129059113,-0.283777926115962,-0.413613719333542,0.132825087457096,0.840844119306623,1.14405248082118,-0.898743294712045,0.0425342912990893,-0.749063927089706,1.32353158258866,0.116637975740643,-0.406493180482757,0.205906052133472,-1.30974335040533,0.856875681703209,-0.358411691115264,0.229799246578094,0.294448678016806
-0.46318465348802,1.22845450735653,0.494263079021746,0.718566440800012,-0.156666796702255,0.642409858319971,0.949897669558444,-0.0923797415666582,-1.54830150107654,1.81420425552668,0.893149933174387,-0.454786068336884,-0.83536787894847,-0.263517668383194,0.595303524233326,-0.16238031027836,-0.705366638284259,-0.619922556258662
0.0330711382098964,-0.313151191402254,-0.544339368883356,0.574322422853316,-0.0948564082050342,0.505901790632187,0.0912437217361293,-0.83168870442939,-0.429667629365134,0.340308817371894,0.418983246344739,0.162102947762636,-0.516567638223409,-0.403969235999579,-0.666958729218283,-0.922526185322252,1.50065303961211,-1.38665809791199
-1.03785005582595,0.332383774016713,-1.74533163378858,0.408673684516419,0.826845750000995,-0.340516725531621,-0.998211088415057,-0.389105884861802,0.917547303082418,-0.406343995809868,0.134561042802677,-1.10765772944009,0.770675639467358,0.700957345280391,-0.0417571022056254,0.828917789204739,-0.631759215498526,1.37825199135535
1.1194990497665,0.429078338789879,1.18579313480424,-0.907309647610001,-0.623511494345721,0.674202127535418,-0.257525295908453,0.550309227304058,-0.202288371058774,-0.768739676853858,0.372908047576923,-0.0487707671151549,-1.95930387902281,0.19610480844785,0.402515950747967,-0.844570265143079,0.64817494393643,-1.70214225148345
0.219800229815366,-1.05941181808039,-0.427759780428002,0.427136497499762,0.6078562302904,0.597624228207156,0.365968068109944,0.597032164694159,-0.895221347021667,1.02800744284123,1.63633612062879,0.19859944396514,0.0996393268132187,1.1212665037508,0.604425727079052,0.750648842410134,0.33596173539411,0.801814871706255
-0.492967619150922,0.506614366961316,-0.312289113844282,1.63851591107862,-1.23689249106711,-0.438047119221584,0.0763113578363965,0.707465617630895,-0.808838756324213,-0.11038034504722,-0.0586733650683642,0.0930159992685371,-1.55991240258576,-0.0490647557658,-0.691283993735217,0.057021911506256,1.8486901115537,-0.734173226741362
1.20261660420635,1.81196289415206,1.69788875245242,-0.116260662223285,-0.41319459838468,0.0836114946628641,1.27844780315907,0.830058180856991,0.365356344621988,-0.346654903478564,0.14857951790981,1.25068800362505,0.126197143979446,-0.734573995613774,-0.000455056697673289,0.51817829096579,0.317845451630506,1.43970204605822
0.153503262342777,0.00535206866106966,1.16376195976351,-0.0777134969553747,0.637313233782319,-0.912094726293429,0.946006102139987,0.00548737301527773,-0.135710718938694,-0.368646538418023,-0.693532338464023,-0.431489906777116,0.934635889171568,1.42432251902679,1.17624162958948,0.293290086931523,-0.0569707250898103,1.44534447034485
0.467175059568835,0.235482188084351,0.847927315443393,0.986819130888243,-0.489419458914228,1.13419273749249,0.335910734415441,-1.70645088016011,0.446677142814955,-0.744871685885194,0.0741924744043377,0.678148898110245,-0.0285883002745286,0.833486955089943,-0.7493799760076,0.293485199931299,-0.827106738418259,1.00906688703898
-1.0888900082905,-0.587039457832071,-0.978490644230318,0.374091465100856,-0.0766309195078701,0.261088040831627,-0.905740807731096,-0.91037392765265,-1.28966698062829,-0.00618784971317317,-0.302051734676657,-1.0739437634472,-1.83939700789809,-1.29611778616523,-1.85271817644726,0.778470775494294,-1.60774638821806,0.439152212774445
-1.24587332604012,-0.868631569884828,-0.0303416962352789,1.76166493724727,-0.569070848348923,-0.924755531581948,-1.07838173159557,-1.51487523627086,-0.584671227003168,-1.21283118992016,-0.483973152822143,-1.51266663662036,0.756829763017169,-0.130238490206747,0.439535474345222,1.16123224287618,-1.38916293384658,0.963082770144683
0.0777979832869674,1.00188033835023,2.77736000577578,-0.131510462848288,-0.572645710609507,0.673396471273873,-0.720062660043221,1.2224221830019,0.424159483126294,-0.624474847798406,0.978791728060303,0.900235547166872,0.595687461708829,1.46198005216361,-2.10823207636609,-0.224772391825596,-0.921399007318372,-0.274624730683311
-0.546851469609949,-0.301882547750565,-1.48643773226558,0.122848408909028,0.435278051023148,-0.617759992478065,-1.59487148921292,-0.794195728111463,-0.992062400723065,-0.586368650373049,1.09884096066987,-1.46703226766423,-1.31051768824069,0.0881047101140833,1.37729676826128,0.342354112417208,0.552352549058717,0.705054238058157
-0.847882349046464,0.270563234567997,1.0554461195376,0.650300158153318,2.10582482344351,1.57298753590808,0.210274331786825,-0.593398106639587,0.563541868489792,-0.409091169113075,0.83975429573991,0.652625065774968,-0.345086032284813,-0.244936099953082,-2.38088071460941,-0.976928248035727,-0.648859943093658,-1.50096279057063
0.83444240819532,0.955364864256003,0.655657113611932,1.00803120673001,0.502222191378916,-0.783237118878634,0.681802137478179,-0.231387692086029,0.960613125387797,-0.228694611482862,-0.891577107671428,0.71735926969684,0.225776903823032,0.524267232190183,0.862188702281725,0.170568640312949,0.701059795269474,-0.0200744502800207
-0.938546527291799,-0.058205046195556,-0.980739381227163,0.132844858898309,-1.09466299018132,-0.137955611398561,-1.01888563577725,0.360090220131832,-0.0344061738995135,-0.437319873558809,-0.450367107902709,-0.670661200297336,-0.111052339763464,-0.749338634096059,-0.159138117979481,-0.11601310636473,-1.01579759897624,1.27462766987752
-0.605843783566123,-2.11301698797247,-2.26162711963992,-0.737700176310262,-0.724022352952564,0.127133083163747,-1.2816837824095,-0.848654084342112,-0.969444687593873,-2.55232514468601,-0.820789843955515,-0.946965185324934,-1.08589127048381,-0.230353467055659,-1.3559626302519,-1.6908746982614,1.78861568524365,-1.4365848052499
0.86454273633791,0.817947414287692,0.402565431395616,-0.112180384839811,0.276286632548818,1.39998961476889,0.0764541343618844,1.16926898019369,0.568841139700458,2.27155911700557,1.20491348820784,0.224843800156684,0.620774154164491,1.99043012852436,1.02887082739407,0.932660618213879,0.245487197849069,0.346388660272534
-0.84513630257049,-1.82273356478297,-0.641374717216761,-0.152759211873904,-2.27853622972688,-0.855706000867307,-0.288149658264194,-0.219211173390441,-2.00115219041257,0.0565633589942819,-1.01791049845315,-2.03825795334091,-0.444459950901893,0.767877097502283,-0.245387894185135,-0.0904731850155283,-2.89739594835884,0.402266803317524
-0.525514550820897,-2.3698989317178,-1.67579783228328,0.677095484293375,-0.908079813732323,-1.20314768927351,-0.74598944993526,-0.784898948953728,-0.550424638806792,-0.445237837708387,-0.701783477232767,-3.11563230322452,0.461353223723596,-0.0205502403966442,-0.395871181475048,0.54932378061174,-1.98842697824934,1.01657644509944
1.18138395771482,1.23954606676868,2.42110249836896,-0.169726575772745,0.343176730692932,0.857577492087331,1.44385805997587,-0.677094206144868,-0.158960462584629,0.540063157363158,-0.0318570444294649,1.47664643199275,1.34458870321177,-0.0728730609119199,-0.114010774262649,-0.389923373627885,-0.0769841674934656,-0.827849088970506
-1.04450919046206,1.17201884476209,-0.253071765281099,0.790866430341875,-0.538592050345497,-0.755248674552364,0.133697279296667,1.88421416915869,-0.28274143984425,0.0948128152137331,-0.000354499081348578,-0.363899586430711,-0.289027056948782,-0.550526704630219,1.24988092687005,-0.335932068837741,0.183782618065752,-0.136373438291981
-1.34418308931936,-2.0405681095928,-2.61822034698661,0.272117466676846,-1.59159163793283,-0.89345116506258,-0.276088081716945,-0.86964566114773,-0.547755230213642,-0.213651556018484,0.0181170856901226,-1.7347841305354,-3.25321142279287,-1.0947311217877,-0.739265636235742,-1.59772163338304,-1.11926303908976,-1.00560274878577
0.769767888821193,1.63120322974652,1.40228433447452,-0.643481559858689,0.439921234914771,1.26184322105376,0.420847712196165,0.639468540442289,1.02448809513051,1.09123205144916,0.0174982239191819,0.783594082714136,0.968544479966419,0.376715174348237,0.0160464292701536,-0.0305742953680464,1.69908190977683,-1.32570909638401
-0.568890714849803,-0.601548859258516,-0.753073932500143,-1.98337636831863,-0.805794025994747,0.0872273146821531,-0.693600957227046,-0.713124351842639,-0.392095913791607,-0.884483614641347,-0.644143968515542,-0.687633367413144,0.476720193376935,1.28344330144803,-0.00964074140484149,-0.29250448002653,0.300537205605704,-0.56798236698084
-1.34013991132706,-1.16113281236761,-1.78194853779772,1.11311785131679,1.00379805789751,-0.840801097182484,-1.25122263192954,-0.0223794814173529,-0.76555663406011,-0.670214671957213,-0.220955497427929,-0.711227902060298,0.727119745631448,-0.949365047651013,0.683892481398216,-1.05201509478916,-0.267735525822234,-0.217619920346981
-0.789246227895722,-1.49633871998031,-1.23713259866755,-0.159940003414015,-1.94177051616085,-0.477438945743736,0.25529130601227,-1.27879354419334,0.508545224132033,0.199143406664451,-1.01776397244864,-0.726019848899843,-1.34381494458359,-1.32547819752433,-1.01942571600633,-0.831113792840187,-0.43713734930792,-0.662347151427849
2.00007916214759,1.14682158967928,2.34722101274911,-0.0172609619896709,0.528946725233448,-0.919923085981627,1.42089920737711,2.1747813419381,0.401954681147315,1.17323077462255,1.39768900858795,0.0767307289987535,0.122717169113855,-0.676619046466076,-0.27941688914566,-1.40234250509697,1.59910017042735,-0.364595925444505
-0.134877637625432,1.34967162176871,1.73632485227199,1.69359981867168,0.556434990352597,0.640822839871727,0.775061748122944,0.355606041948924,-0.33595265003695,2.5479948116964,1.6721776441057,1.07837238454316,0.212706045801916,0.585535230272551,2.24060119778155,0.840973638197568,-0.235535628042535,0.0350444342446268
0.37870814909648,-0.165675195241228,0.131557406036885,-0.49623829362073,-0.434833048211789,-1.40457319297922,-0.748922388526271,0.681210550837696,0.0200998166407829,-1.57503213933507,-0.114688869629763,-1.9960185353176,0.187048579641895,0.579932957454521,-0.398015871501317,-0.11280567815615,1.47734655059338,0.141851749802616
-0.22355200264368,0.856256784403474,0.0906720801704685,1.09415218303906,1.94520360356767,1.67315321605979,-0.850119463970973,-0.589537252334853,0.191866596932271,0.89697415120815,0.0231902829040895,0.0925212418836068,1.56439390624887,1.08162974844395,1.47283194369198,0.567113596285592,-0.274672396694925,1.44719075926383
-0.292889343626363,0.589438724971804,-0.64404566932412,0.888674633152021,-0.547482105493525,-0.76688435922923,-0.190300614621199,-0.96640842855233,0.0402037560331408,0.266518528759895,-1.79493040826382,-1.37585372302785,-1.04451429812355,0.203145384701672,0.200044393462646,-0.376181893314584,-0.328811631557382,-0.148207613509078
-1.00247424409334,-0.62424235052737,-0.363882371078821,-0.432651070526272,-0.893441017265631,0.0362188694547459,-0.26526924766353,0.223019705343658,0.23360268585034,0.135323832598753,0.0301706396549884,-0.254056149013024,0.33495571661194,0.0765257291082065,0.340772704962721,0.263551769669097,-1.00979055677464,1.28306681463462
-0.0587474257834815,0.175397095757542,1.26560596978072,-0.763353431932083,-1.67635366693058,-1.48476405744864,-1.00785179724716,-0.0824877184720614,-0.864556968636262,0.0669600637056576,-0.902011536457134,-1.22028121905813,-0.709072644090315,0.55090870990574,1.33142213911591,-0.0843812549935945,-1.6000532980684,0.593158067608348
-0.0953706853340998,0.0231200750221679,1.05816347583236,-0.108191270524158,-0.43885743018232,0.695206599549464,0.943123450945588,-0.223480333840989,0.534912209455195,0.454962123574662,-0.267681874912412,0.942834884876922,0.955922310879948,1.70330772133701,0.652689460131114,0.551050712268982,0.184803852006695,-0.020857120285306
-0.0592012275353643,-0.333313060304986,0.401541113949481,-2.57165885835733,-0.689978008479332,0.471988821107188,-0.783510515195844,-0.37892167004581,0.209653665313496,-0.164096947276344,-0.0318068751149453,-1.62886361687931,0.04511522367582,-0.325914916596974,0.343343941970628,1.39583460392182,0.859170752733306,0.3899586364558
0.932631613760955,1.4202849461527,0.483629801906046,1.27184226730724,0.262124729265489,1.36339593052606,0.854172443370096,0.818646377436073,1.98138584279419,1.14030237269871,1.01649425222587,0.374911780772733,0.155875033830454,2.21478957816396,-0.932210703589769,-0.529574940774839,-0.0770122233402285,0.270015023535401
-0.244757848803967,-0.314522206544398,0.882576083386287,-1.98085409939435,0.907453509353556,0.335787911332685,0.212723492275574,0.659918674002926,-0.108659689815631,-0.0783480717808366,0.37361249429261,-0.267832048657839,-0.916733294126218,0.312199961758104,-0.661622786386765,-1.07654722257393,-0.0452476888390851,0.141852345011018
1.15038500027135,0.566913240416966,1.91080223034282,1.48124406560612,0.578830189031397,-1.01656067969579,0.748037357391343,0.862693387291202,0.363573996076903,1.00467629544431,-0.862986677988936,0.288949558918078,0.422567951001391,-0.176077884733867,-0.590278338027917,0.303928224758177,-1.76011743184642,0.966839501476747
-0.884559084469094,-0.564993105587135,-1.50673850294152,-0.0576669603269453,-0.418213527770353,0.204180967772631,-0.653614636110268,0.598239826489221,-0.859092194264019,0.887010905333356,0.390086825145802,-1.10046675479504,-1.29868601083909,-1.1500666899578,-0.694098556640268,-2.25382142332063,-0.437279741591173,-1.30285443152741
0.388480894701524,-0.869203592372798,-1.47291685713153,-0.551139812361678,0.552508815682396,0.659544368961597,-1.87662784488361,-0.411674266957264,0.494852806194727,-0.423131373529298,-1.66296732537937,-0.744113265413521,-0.279823896428656,0.180131509503358,1.23043894248587,0.189603615230401,1.66814373717464,-0.597270931390862
-0.624051482972812,0.412444319767778,-1.17577447293914,-0.00786741104037143,0.355627582000543,0.701393508888053,0.0739311870206354,0.0231869061997778,0.296428581435347,-0.926553482909931,-0.27570762325159,-0.777104029644658,-1.74952119694499,0.465581971871429,1.06073982526902,-0.772036929511363,1.34082591333771,-1.36528527209629
0.0102238313506912,0.984720446402271,1.02284347494351,1.17471294356462,1.60198359076886,1.94476068038438,-0.0306029507549659,2.24281105619212,-0.0144411965855909,0.884295584766697,-0.0374965494705781,1.72985746748903,2.36305799267153,1.09006066542003,-0.339769793853618,0.402172981419828,1.5528854797662,-0.292952874355875
-1.62509106692069,-1.27545575555415,-0.853923551708067,-1.40561799326939,1.07076051560645,-1.07697577782353,-0.197935618088191,-1.21770498187303,-0.383128197030254,-0.822344637399734,-0.302563192717086,-1.13456936050302,-0.580488991906848,-0.876692719223447,-0.449335807778564,0.122130314607628,0.602652875850383,-1.55432029853458
0.226227685337319,-0.293657365458638,-0.281554445687097,-0.616382300258799,-0.962621396989673,0.829680377232665,1.08202686609859,0.672345663415375,-0.592386109616171,-0.293648046795894,-0.367796838515946,0.0286726837308975,-1.08420841752878,-2.4429451193659,-2.67046670287234,-0.455345569260681,0.345248236123491,-1.09379901829804
0.742640968249541,0.00270896433746392,-0.201224723059926,-0.900533721553908,1.41211648020911,-0.229430141351801,-2.26610620096029,-1.13638243605189,-0.0695988181021616,-0.162708256474383,0.659041908110272,0.585690120872874,-0.0507279534834023,-1.61331142622995,0.176601713341601,-0.00846638919807072,-0.382919130850908,1.12196541723217
1.18623738922366,-0.452870204996365,-0.193813530186718,-0.195005392679329,0.508373784358863,-0.206543234188145,-0.395544352786823,-0.725592878055035,0.57264463562119,1.46041935132864,0.98573624399776,-0.197136519644718,-0.103767645414656,-0.0645526958302843,-0.0316711121498756,-0.385675412696772,1.26125423610667,-0.0226746811797584
0.171445237428587,-0.403784768814761,-0.346043670032226,0.100450663395742,-0.233869524867534,1.55031092023411,-0.497994978960983,-0.482603743257793,0.647788244324209,-0.299114359490475,-0.283473920539212,0.369719311327879,-1.2968793192693,-0.232397643897605,2.29870997454136,1.72598437831541,-0.250960076884698,0.713761762640659
0.481428613504106,1.00603352122619,2.6349799137451,0.061568640579733,1.33019120672522,1.2538101956528,0.288441252514051,1.018148461226,0.632473063760155,0.732303117718011,1.16156726684492,1.10568347591069,0.382380725763716,-0.174024249735845,-0.609715976295608,-1.45408126937283,0.578419392256551,0.0297089340606941
0.680251965525947,-0.145530745863006,-0.00743312146319225,-0.0302388475443184,2.75139512213673,1.15366700115736,-0.769813279859352,-0.108198487573784,-1.14729405846129,0.478419928912621,2.2016064469204,0.634496597561352,1.58900731533751,1.7898466410448,1.11641245302515,1.66939649042317,0.206105842563859,-0.208016491894916
0.169742059787332,0.136850916592144,-0.357458963883034,-0.779634287170135,-2.17716160168035,-1.39236665165498,0.161734964932783,1.93914391311849,0.447757442348091,-1.06200884918385,0.258470928826011,-0.912292914132381,-0.709167235275793,-1.28425610234464,-1.76353731672046,-0.96050804076469,-0.770977341426972,-0.50195517103016
-0.493144336874074,-1.15900987517662,1.66017729467161,0.34002116487585,0.0340308400719631,-0.434634140202798,0.0850883611837574,-1.09873428528423,-1.2118988693947,-0.517734950187306,-0.566982688854882,-0.978004275764741,-0.591191292262509,0.668792516335715,-0.00198013718129928,1.18693614836772,-0.876006909040084,0.979005269479931
-1.68559401613737,-1.50422510356858,0.200572050984735,-1.48344168968793,-1.31989917234824,0.174345535709303,-1.10299793732839,-0.0590366009052944,-0.605235304333279,-1.16520506881701,0.0228219722643903,-0.595789435186955,-1.86219967936566,-0.481931282790261,-0.264797055921713,-1.11634308159279,-1.62734815420874,0.929692411689354
0.00929229065705854,-0.409112462022613,-0.849466435927924,-0.833450008776038,0.965110062861287,1.33736472473611,0.752888453713597,-0.554044065535928,1.84825319425834,1.5073554364938,1.88652318297743,0.653160206577222,0.641788378526463,0.464947793854863,0.941183246012986,-1.28011889399999,0.811151126576453,-0.546403837584405
1.11873252252039,-0.203808442623894,-1.29714120499063,-0.757781560851915,0.1230592784015,1.1747377475089,0.187025000750382,0.121352307351216,0.564433300439986,0.682792648275216,1.14413297853429,1.58402783042781,2.1708336095777,1.79224451681407,1.33034792107894,1.10850828636973,-0.572394551278723,0.740507246425615
0.380387474787932,-0.277314939137823,0.19573229728952,0.553152271763032,1.03819068902878,-0.922075660490265,0.865708579620971,0.632953500801527,1.62395848985215,0.950992730717188,0.0477380126045952,0.297508745973015,0.53698086522232,0.661545967493968,1.67209786672202,1.84751189089485,-1.09748150164171,0.928953157658967
1.28768165392792,0.505595797904535,0.912323839732652,-1.03661986723585,0.838203102304473,0.617700088420578,0.873873996285663,0.772152574700312,0.125524909465533,0.620423471754041,1.48948158074269,0.723681521803986,-0.187056009968604,1.09430820400414,0.614241923572728,0.40205777777337,0.21482928888395,-0.0992536514807506
1.54847663476121,0.37623613976837,1.48040425113145,0.335777826674017,0.205069632315128,0.83930531910953,-0.36555816536257,0.9130928987237,0.68567628891006,0.503154271188431,0.950038454270354,1.75397440480771,0.0969318100842543,-0.108047844687353,0.395644304671602,-0.151786103401216,-1.7033351117511,1.01895735780706
0.113269477525187,-0.375307851328212,-0.0607056663695772,-2.21798133003833,0.467061079409585,2.06841670558194,-0.720400625709821,0.582073082403463,0.110242977324103,0.325331122288718,0.488460569154024,0.530940352700869,1.38831495924203,0.633284876347354,0.636236160363843,0.403749887519653,-0.450615932020479,0.142891760545344
1.03835511976062,-0.513651175130641,1.24636890157594,-0.237853076615831,-0.616378245505718,-0.642635269689372,-0.118321902081073,-0.642083866522557,0.600787701131667,-1.12021954585021,-1.18495142116424,-0.90630486400034,1.32517042666996,-0.624011382902194,-1.99231275373094,-0.590757568313648,-0.2579971008528,-1.10090184740885
-0.504578584692066,0.320232231628122,1.3637649988155,0.36415477868672,-0.601181674463956,-0.726681171198618,0.70912626223784,-2.22904766980336,0.641757641744244,-1.12208651625031,-1.02182289386446,0.382977774600039,-2.57184443557411,-2.30672085788898,-1.40139258082124,-0.848863272102092,-0.0849315263803463,-0.232522101105599
-0.0434712582571455,0.824872632699234,-0.0914516990262076,0.54130721801813,0.634934985245526,-0.728063583665421,0.566728317644115,-0.520539509915293,-0.203767381215651,-0.268679491101737,-1.62548315879712,0.0264740385973395,2.23388238761999,0.956491027593499,0.761331374665507,1.33940698087364,0.157497786697999,1.20185714656342
0.438403043314239,0.824318908283864,-0.0937555739947829,-0.510404756244884,-0.32127699487212,1.92693426322422,-1.05111393020814,1.28100088538182,0.730312226667405,0.299451167450864,-0.906870051366639,0.685252125279831,-0.420243217788558,0.518531197084138,1.09036421604367,0.000505369380446273,-1.48956810007497,-0.433249383101528
0.146747899399708,-0.213926207050519,0.16672314988851,0.264584774901225,-0.811947706329487,-0.217684622217622,-1.19714677186785,0.0816167858199535,-1.13981728208145,-0.939668353307619,-0.699526388191667,-1.36216678595244,-1.03735129078903,-0.071212387982452,-1.41929371752155,-0.692455515890373,1.30093903640972,0.0416496057147716
-0.861536371283134,-0.710164316087251,0.142524065236117,-0.54094294734172,-0.417949280684287,-0.212817789569241,0.227657795659174,0.703243894704338,1.0026684676517,-0.26757354927658,1.08490803849576,1.03293223007736,0.84848665886552,0.503682922868332,1.79671383124041,-0.334135505241512,-0.779735086913531,0.249022772925515
3.20622415993825,2.26316327129958,1.54428289956202,0.860241601876608,2.25275095491304,-0.0416549988067391,0.659328238843662,2.27842978199537,0.212705307883118,1.8419779308678,1.50753614859522,1.30381770096769,-0.106698028800722,0.702928336852487,1.22369437326865,0.526389003264304,-0.476333252190303,-0.677716559092085
1.12677456664243,1.0887434093557,2.54500620866519,0.514136417803705,0.316874688541296,0.715643925648222,-0.593769358571979,0.110756830871429,0.605809202415155,0.959335009976021,1.52319317747756,0.889904391643596,-0.231209573586999,0.196725966317419,-0.33797159841315,0.246621863318098,1.84116779670923,-1.20854111342576
-1.25079987158476,-0.956891379744252,-1.4382872951232,1.30489749647209,0.88626570349184,-1.17378530799779,0.46353793289145,-2.48104591292167,0.118803995068145,-0.730455697327741,-0.822722279059389,-0.224253051049975,0.719099753890362,0.260733209073044,1.53247106053685,-0.671758916489304,0.124022097788807,-0.121946872916125
0.0263681427101851,0.902608785770664,-0.0443923840708632,0.654163814640662,-0.0885758068748986,-0.999289458861266,1.97229270738513,0.192616270364413,0.0769843336625568,1.50656162654569,-0.354855581826099,-0.491929830505362,1.35049810720957,1.18001645359823,0.894469118406845,-1.03357426506671,1.49415373171357,-0.547392691555536
-1.25507970059306,-0.911230216249343,-3.01887752492264,-0.679005194836309,0.918087000944302,-0.669500503758789,-1.45584487844339,0.550299788631422,-1.21802538361356,-0.0677034937467452,-0.0144726317928898,-0.0262762871814739,0.937053962394806,0.916874882421843,1.55116080540083,-0.33241052647883,2.03846331299709,-0.450785174575314
0.12573417538303,0.810817052236923,1.29862241959526,0.395153753066623,-0.260249858815396,-0.354675187756635,-0.660775879843818,1.29182158601425,0.70954963307781,1.52450727867689,-0.126676866733932,1.80417919474277,0.706155435177567,0.455648994618355,1.04711311125508,-0.343690483535749,0.52355408845945,-0.926138946911683
-0.166828998524928,0.0451431175397454,0.71079137474332,-1.70380462926777,-0.635578017971372,0.0756504948091388,-0.0178556393909803,-0.971633349858792,-0.386803933970492,-0.964935580783991,0.400656468196843,0.172879597203024,-0.0646562518052449,-0.515996151852184,-0.487809914472036,-1.84655919178484,-0.0583681599846217,-1.2651368101414
-0.250034733866072,-0.275629183000113,-0.792544140291669,1.34506535244677,0.125858285983215,-0.686820048376906,-0.0273528339223446,0.644150728703977,0.329808939371152,-0.701590499487176,-0.0623550029110131,-0.441772980456599,-0.0389329152767586,-0.219974678306035,-0.731286566600085,-1.69371063449337,0.0706944900267182,-1.73507566635846
0.139161562627268,0.597650892882905,-0.0127699311302772,0.953729067126159,-0.142376330026042,-0.367960655180331,1.03199421082224,2.52698192441369,-0.935083427852862,0.524383773620425,0.355406400112102,0.571122533682209,-0.107640538004445,-0.711950016488596,-0.403882870330658,-0.635747902945798,-0.752026463975286,-0.0596772444891088
-1.37292286837125,-0.952552416015906,-0.611067409072537,-0.421683178582973,-2.08416715891163,-0.765257436447532,-1.00071358575763,-0.419640465888971,-0.730589952018576,0.068784239743001,-0.0403095123821291,0.270976815446373,1.32766666533901,0.122053251055396,-0.00353465245316581,0.221922562925567,1.90500281903969,0.115853183004467
-0.836707073295796,-0.266075506350177,-0.252612602473475,-0.0233825804152391,-0.901448617896709,-0.91587289359761,-1.03150671652573,-0.794511149978628,-1.86077587562549,-0.479627868464894,-0.738993959152022,-0.884364735717155,-0.377049629228899,-1.16078758830181,-1.47311227320588,-0.229607658383176,-0.201194024675352,-0.417571235127366
-0.960345283774369,-0.073422007865138,-1.53894720421865,-0.502119029992301,1.04998336469862,0.264440518673354,0.32243554574892,0.298092042033511,-1.00703384184109,-0.441821029379455,-0.372834942420831,-0.186805531704785,-0.523031584288138,-0.742005293180926,0.14272171155861,1.17458493387147,-0.468397303867968,1.16538098841394
-2.14362165290765,-1.18681651066232,-1.13898129457938,-1.53067638265508,-1.2566374034931,-0.273050941308954,-1.49856388337231,-0.0197695033140832,-1.6698003792618,-0.820983995075077,-2.11470768746566,-0.988315132060534,-0.342532961269937,-2.20593818617984,-0.818120650116084,1.02447522622427,-1.23364875317397,0.421912730057521
0.120508648110042,1.08650028641979,-1.41150531848215,-1.68369831647613,-1.36750268296233,-0.251926282677879,1.57968773149621,1.16335732081441,0.0247845476684764,1.21654755980454,0.0563889076161817,0.513677686319093,-0.194093238098429,0.568617463071014,0.345787349806805,0.844927120643023,0.434774494494869,-1.13010777683186
0.0750922304769735,-0.4840264272617,-1.12399861450338,-1.83877969099562,-1.63376447420912,0.22515942949979,-0.613852221307222,0.710268303504881,-0.802706451504866,-0.326087132249754,-0.569555329795694,-0.107798500719696,-0.0878621544818467,1.50428762564856,-0.834988927337949,0.389839041003031,0.517778495046612,-0.342874886447435
-0.534958459943752,-1.80021766745982,-0.128803746574664,1.54379749176213,-0.576811498788421,-1.90744875388412,-0.857408977015982,0.0933804084773379,-0.0517334303560366,-0.154645047428463,-0.771812567693489,-0.075055605327034,-0.681393180961445,0.0696025603196485,-0.456886116737299,0.121407627886206,-0.588270530504804,0.0534114741944994
0.351296265760759,0.918847834750897,1.02078894857376,-0.944288353105154,0.994538639678814,1.95674672782323,0.651781248361219,1.62537635142311,-0.268805284092663,-0.274767044501489,0.564853853857162,0.22211969478532,0.152584959561625,0.827135393512868,0.159983227510062,0.478645355329281,0.711238371569516,-0.335037559943868
0.366156681636957,0.873610494325341,1.46185680875137,-0.777357655351214,-0.0738096624899627,0.276628953823185,0.432446251651017,0.713260281157266,0.167662579150377,-0.209216077566863,-0.0698705998792078,1.16064173516686,-0.459517277467175,-0.12158895891271,-0.13857052423845,-1.19423580607278,-0.0738928715370282,-2.21503348342783
0.0374652123894371,-0.691634457741199,-0.0144530956928229,1.17516550753707,0.963059565752894,1.57168144874865,-0.305388506404268,0.567024799821801,-0.194502363638312,-0.882213431929463,2.26344826560855,0.3091384086702,-1.15383599959722,-1.13988040470615,-0.359301054286578,1.4695760911968,-1.77339078978095,-0.308452851133575
0.0332160202135581,-0.58881337480135,-0.946660707811224,-0.610984852155185,0.0900719069001986,0.0326903163779748,1.02311114160374,0.0770966314477876,0.753584112636432,-1.18916775662547,-0.415339569576468,-0.384618778815316,-0.00467838464502983,0.583939555664287,-0.0347431162220528,-1.31882199964267,0.536300222692639,-1.40813320431622
-1.38508019250874,-0.949364729467602,-0.447944323688407,-0.989870357254505,-0.0122863560683942,0.0963654879137701,0.302098060877295,-0.452241155704004,-0.715113342139361,-0.292567142415841,-1.02862431146009,-0.253084566562104,-0.142104629955912,0.103469214536296,0.172970607344667,-1.08132994674353,0.691611569652764,-1.29503277194315
0.687294090784148,-0.497847862814171,-0.395716625006992,-0.422029309710007,1.49020408950008,-0.411700593616003,-0.381345489519463,-0.150824205264869,-1.6756522744777,-0.74417850850945,0.750897539669762,-0.849881899464612,-0.550860793463567,-1.24044689132303,0.373053827495914,0.519634114702984,-0.505707985273404,0.0400007893135594
-0.472781508210441,-2.33416689779789,-1.44499833810323,0.797021991837153,-1.47368747637591,-0.469219340653484,0.10216231359179,0.0911121406077892,-0.393967303373624,-0.867078776980054,-0.651743032885637,-0.0681419079706566,-0.11019513643094,0.361471226979695,-1.78597909444101,0.453849961031539,-0.998131577514569,1.21867179711367
-0.373071370302893,-0.836746642892783,-0.853977027711176,1.67266162628831,1.00868473449824,-0.554861078459391,0.358325199447217,-0.697165865274694,-0.362952795536527,-0.191356272258303,-1.50439367108121,0.530403540493453,-0.0146335076550685,1.00904755672354,-0.0425246129955135,-0.543612253535867,-1.15825701306799,0.807061958632113
-0.962180442746284,-1.03148293899085,-0.721350435342276,-0.43918235225852,-2.0393189154761,1.27942857647984,-1.13822514864769,-0.758647255469278,-1.42578033873167,-0.55661595028146,-1.28022686593891,-1.11222501468446,-1.20059969823349,-1.35119290049571,-0.945560470074158,-0.509727132198811,1.65233675204181,-0.631818395016737
0.401720662456608,1.10874363462275,1.3315950960425,-0.0681611395916001,-2.36482924056554,-1.96591940881652,0.151733124159146,1.34186453706068,-0.299095763574782,0.380686443457142,-0.657051142360266,-1.17429720555078,-0.482184212707019,0.154428630580157,-1.02886032948337,-1.60981682363371,1.06663092717473,-1.22791301457565
0.912055996061707,-0.862321526475504,-1.02987260698861,0.68105467537993,0.631989534283742,0.537675487374771,0.807207206362668,-0.528884711733015,0.0275037569368151,0.24658422423246,-0.411796243112004,-0.401895845158861,0.322601879332962,-1.29151930600905,1.17380130896058,-0.930364515181914,0.888212288669567,-1.32049674784256
0.211312328117348,0.911999638047923,0.580319505757299,0.59512063680064,1.81759584649174,1.02240378754045,1.9534016163621,0.792859267611713,1.66408587147289,1.53110026679171,0.209150608672139,2.03631591027506,2.08714447871517,1.73887958622444,2.20605646703497,-0.721873882470912,1.39865849860347,-2.39836454928492
0.318107839647867,-0.206481688831059,0.663060347476166,-1.7124457019953,0.14000954306904,-0.591761070806779,0.492100395899775,-0.902321070655297,-0.652632551836708,-0.751742089781252,0.51081561041075,0.40074461989444,-0.60073392794321,0.868606304476103,1.86925120691426,0.425549555125289,-0.293997955267809,-0.949323121829468
0.30987131822343,0.0661963181863809,-0.795372097877757,0.350407889379586,0.234497931206988,0.753195945098003,-0.638403797668613,-0.992910421490772,-0.152153330483618,0.518568943214969,-0.227576306564646,0.694342626843125,-1.221165327097,-0.509545319168968,-1.21687375110659,-0.534874396876166,-1.09921018624586,1.13875893991901
-0.676659707849513,1.21746386549436,-0.123951628954661,-0.150807356650635,0.047964257834511,-0.28072070788201,-0.879213965651638,0.388775546201231,1.46356572933733,-0.882948752961052,-1.26724838132724,-0.648991699474214,1.33068732667201,0.92942260068634,-0.1868178891449,-0.509300821830093,0.406414175406496,-1.15963275712235
0.838340664583502,0.288840344894665,0.537853788323916,-0.507442561078074,0.0463048245455884,-0.0487212537169745,-0.921087930671963,-0.25372785527575,0.696408608753668,-0.873544721570986,0.506438281121781,0.342554100482512,2.15349242401663,0.357761416264322,0.900027199272089,1.28621049914808,-1.01969979388381,1.536487297073
-1.22359304679854,-1.37827225531345,-1.20929873149894,-0.963553133160766,0.772413605720655,-0.233942773075347,-0.475716489588359,0.49008395549268,-1.07298491037571,-0.0191461812076075,0.44919324657323,0.280579476710825,1.24662302950093,-0.285311640267759,0.711807270970608,-0.924401914761207,-0.0642829769341792,-0.555789745753711
0.116051460607585,-0.312161727831807,0.237524477311961,1.56480424441941,1.04406640320323,-0.000940104035638603,0.943425544105187,-1.97660844087198,-0.0287200951822488,0.889339347623381,-0.129840653049578,0.949639732681622,1.67220055716246,2.81419209983515,2.47190237026061,0.840904331482414,0.746832220646535,-0.0133072448708328
-0.252444277229443,-0.0425487730989625,-0.482222892472672,-1.65054233981757,-0.734493495308384,0.891523164885664,0.164734637767655,0.52785452239654,0.615134270207863,0.0364216835478388,-0.922657268200736,0.022882516923159,0.193938331681947,0.587750136409377,-0.712801310852904,-1.31885856515166,1.08167967125201,-0.718133712133203
-0.248543972336309,-0.0482978881865326,-0.616187100051261,-0.938101954405295,-1.17261191268486,-1.77363112391944,-1.0937416625705,-0.968996100411491,0.405374251361747,-1.2253361661699,-1.13125537885529,-1.02677630993473,-0.554229952084181,-0.0485059406001967,-0.139609919269353,-0.275240575170573,-0.198228970443701,0.384534762400219
0.61849811578099,0.435269818300037,0.467410364045606,0.674891319971298,-0.243744681326995,0.726715279847544,-0.372756253738792,1.82737517290425,0.155749000242142,0.610648384351865,0.0339231631892102,1.22162585996575,0.686445717915296,1.69102329855302,0.82059045882239,0.118185989265465,-1.74585568071612,2.28326130318997
-0.750612296479094,-2.24620815431291,-0.767817448725661,-0.398826698601623,-0.291202641032198,1.74691425826779,-0.826531034569336,-0.946571012146788,-0.3054999530373,-1.48913530580418,-0.287162270089787,-0.608491321265507,-1.23732184764879,-0.633307099610864,-1.34526201785658,-2.49140390655401,1.40191564504477,-2.13744768575428
1.09529895759115,1.33339025348384,0.884733595102495,0.111489301622224,1.04933571635725,-0.545421235117022,0.671007472834268,2.02398145196929,-0.20259191830168,0.98524687696904,-0.522045229439179,1.05978631036617,1.77653917449728,1.34728091284287,0.923762672589529,0.266018645270911,0.693280596942439,-0.938909045606505
0.157361579080531,0.0940235655505372,0.268724038022178,-1.13266011762323,-0.496439745451343,0.0884180452459484,0.284945069458325,0.701749069237772,-0.910240735692888,0.551210725907063,1.2566485491727,0.1085209520143,0.737974076896099,0.0523531380122468,0.265362975277077,0.0732505250012102,0.112440817380814,0.723457871829167
-1.82395147885287,-0.595324595531065,-1.56117357039635,-0.550803682486051,-3.03171880837287,-2.32545155574139,-2.14446088515304,-1.32363606482086,-1.73697103668655,-1.84606286690144,-2.09263711496128,-2.9484032581335,-1.33339522062276,-1.8041360812111,-2.18719293285717,-1.97823192467498,1.50367277559262,-1.83519284047055
0.555222909288103,0.674396650578121,0.123473297105231,-0.128381855180674,0.549913581021521,1.30993568879644,-1.75114870406414,0.0473528795655361,-1.65624164721725,0.635008516877372,0.168796266510417,0.602368877275748,1.36660191888772,-0.749910385435716,0.684224347201493,1.62393944933538,-0.234348770420721,0.16037187478592
0.923642682786553,0.525410272388272,1.39885050556045,0.330966691947536,0.665775736015326,2.42061967395756,-1.11179454548312,0.753334718906774,-0.349992124488843,0.551518793506965,1.29228570902156,0.924238092963796,0.829116913485883,1.02114520575953,0.563324620289848,1.90362887991665,0.058136369330528,1.30258749704418
-1.60149616175769,-2.35645177125077,-2.43966456927722,-0.699138483130125,-1.75597334460066,-2.38659840736644,-2.12503122552257,-0.641696878863922,-2.20626186064885,-2.67815503790047,-1.61382025611129,-2.76397183078636,-0.774937733483592,-0.754549913262327,-0.695289003941742,0.708591518404808,-0.764023640960764,0.119816952790586
0.884194998700724,0.054207479196191,1.12956176415326,-0.382993725597154,0.98333522675536,-0.502470345022488,1.42992632812689,0.777827084015846,-0.339187093522883,1.12342238005115,-0.804106179904736,1.65123320221376,0.535270215396692,1.06547787156227,1.25392599900889,1.13057762605443,0.302265456871239,1.81340846561089
0.564900419268574,-0.316187985607021,0.50452175971093,0.173361052131069,0.0741080752152963,0.832033941553215,-0.498638597315353,0.0559705181564786,0.991003598493639,1.03634460069278,0.378964218846069,1.91404790391545,0.113190136776948,1.82362410628731,1.85119427621866,1.62702149691492,-0.3538452321848,1.791867766744
0.474694428488044,0.964408043082091,0.47147705256476,0.426110040636725,1.33738714438779,0.357000229554181,-0.202485303369262,0.0736614973067152,0.0555963109195539,0.0658232144947746,0.485498740809841,0.0727058654519231,-1.46083764960951,-1.42861234336043,-1.67143039340397,-1.04752154054593,-1.55227524949877,1.31045023821705
0.487479391774949,1.6968622487694,0.042839070091938,2.14388432503199,2.68897419028159,1.73387882846518,0.246925504501319,2.17952649352953,-0.719316101623501,-0.0115479077047882,-0.073213165483528,2.36470833512586,0.901184744086304,1.70130916339151,0.693633045698957,0.338127099206237,-0.143444640008323,2.16403035753175
0.833318625889094,1.64521805269434,1.1447758686442,1.55149224887039,-0.663415724037272,0.109091929232164,1.82683399623275,0.885588198096547,0.0940076718477013,0.934072483020558,2.18125598383731,0.700135057036951,1.00646894400389,1.76439544891538,2.49614232986848,-0.131972180719829,0.288700298570722,0.271500229913238
-0.263794007931441,-0.428126611089791,0.0540583197186045,1.83878158227267,1.60606449447396,-1.02803284783509,0.365102618371289,1.46886960960175,-0.193127332792302,0.304031685273976,-0.497413886478805,-0.192600325364665,-0.176954926653798,1.76010195124332,1.29825399900766,-0.693579875846636,0.167765257452587,-0.689142297416561
0.737901791400352,0.683651581070751,-0.553491608474976,-0.11538543680618,0.291351037518578,-0.812026471529008,-1.09613926608951,0.0959318518072743,0.371201566035775,0.0926148825956749,0.981668909690742,0.0410432001891994,-1.54750935068461,-0.386180865951961,1.05850671329615,-0.318707322525231,0.199313493947622,-0.772386595978184
0.982391165441897,0.553334728392336,1.12308367431192,0.743944138305807,0.883258734273901,0.988635682526031,1.14581689221099,1.6039292299427,0.038470232046451,0.637163217904474,1.44323112041164,2.42995941318113,0.069365199438079,-0.762075757035966,0.213796994181842,-0.307067618086785,-2.33393625647593,3.48816056907801
1.0915173521106,-0.521779849232861,-0.262762834204987,0.355588838377744,1.33254804448505,0.0527343894236039,-0.367213137153505,-0.727395611000634,1.21130115388025,-0.338176090027937,-0.0879488179077287,1.25076867171851,0.130418226066862,-0.337369027942106,0.966646633985848,-0.75934460364815,0.438915984255947,-1.34617876752068
-0.169580168874606,0.0482205469244485,0.899454530066907,0.677819757069387,0.495583364065363,0.575775634458646,0.459259076004742,-0.572671136952222,0.0945229240781145,1.44379583207955,-0.435156731785162,2.12497521158118,3.17343718627336,1.77257195161311,1.33717035663492,1.94664133806117,0.629426737547681,2.22447634130215
1.95360486730486,1.40731969882739,-0.0310561025066073,-0.18978219178504,0.414613877368161,2.45232631165924,-0.94216409697738,-0.544821154952909,1.50711382565386,2.23193511004495,1.11357127356818,1.20621517707166,0.995632406242457,0.945906005054125,1.51177177636324,0.729593212673595,0.425315019680906,0.15084068466702
-0.39366140709584,1.37235619821477,0.523930630158719,0.251773352568894,0.657192005634722,-0.444906580173361,1.19082511161504,-1.0660019917365,2.19490674998629,1.00526420921795,1.44498204583001,0.31973645469425,0.104574342645474,0.0660251719481514,-1.38777717380054,-0.812873009388624,-1.60108455410021,1.35674801151462
-2.12042588257514,-1.08139638545138,-1.1401042385983,-0.215866226307214,-0.0267809150483978,-1.24771387437766,0.0951981900106515,-1.16673304464078,-2.11031416512483,-1.14725526474007,-1.04026974049089,-0.828673616930609,-1.13833265825328,-2.31403847587775,-1.25042141465205,-0.476390294723779,2.18892096766464,-0.827055892115801
-0.410143490008856,-1.07520711575393,-1.04691249719593,-1.32469362620883,0.302018965770829,-0.374572925462555,-0.235957953332231,0.701056799046414,0.0889999231749533,-0.157915754117566,0.000119778363128765,0.0925623566380858,0.560358514487778,0.448812822557622,1.38937577729738,-1.46598310601485,0.227307375981978,-0.173051574836528
-0.169078108238878,0.760335546836785,-0.080896915152244,-0.257686790369432,-3.00740095593614,-1.03112376979386,-1.17069003748118,-1.73075962255367,-0.784493312666292,-0.190146602916656,-1.427719666566,-0.346280097653013,-0.867129893977587,0.563352393124311,0.695065724507321,0.0427350343151396,0.276157502341299,-0.412023690964516
-0.288273133048938,0.457570162877955,0.150839560229838,1.9024890643892,-0.862586541855535,0.398582451703852,-0.521855509431217,0.374580366778984,0.496370440594835,1.16406545659792,-0.474464133778279,0.0920532425338162,0.843331030289907,0.200334977167494,0.513251378689992,0.194878391320951,-0.131121676442441,-0.0815102205454292
0.722548201875923,3.26173061197543,1.28630530096606,1.67454718475421,-0.234445452134776,-1.20979176800916,1.30789052284097,0.112768014025956,-0.156681338722818,0.0893173667843803,-0.256760718038314,0.735015674695993,0.556292931575802,1.71454090065383,-0.131983698580755,0.675720213215385,-0.398112782262874,0.675454524094031
1.45770560735844,0.965975497394378,1.85303733779684,0.497806978535888,0.61405511145629,0.219243599015095,-0.727412937446767,-0.834293991772733,-2.24353479653592,0.992015930487801,-0.874401043965314,-0.291253965886908,0.0168200166512136,-2.30844851196983,-0.569188949584225,-1.75760229975337,-0.285894107396752,-0.605483167589688
-0.142981251060015,-1.2359234294985,-1.49274552955808,1.11241336124274,1.3734222699035,-0.725532228328015,-0.575068502628185,-0.633820954893203,-0.185346840228095,0.445607949893931,0.0959407889163287,0.971349113251576,0.0689384989218667,-0.473960448444833,1.56743473462928,-0.773270496093947,-0.869793811573977,-0.894199446037977
0.0927000739702666,-0.1660172975983,-0.132706292878763,-1.50767564766437,-0.782311444853564,-0.566185102106571,0.0221620928444516,-0.0921036067582313,0.288297780241921,-0.81196764942509,-0.254593913420561,-0.0198338670036046,-0.98734903859147,-0.175417931806528,-1.32422530449101,-2.27152478400733,1.16490336761038,-1.44264799493128
0.897054420624989,1.42799720676129,1.72945802456044,-1.36599316387932,-0.465282582221857,2.31022032414655,1.0662433999341,1.24410518419202,0.801084119891889,2.01258666020562,2.20804796120051,1.56358980165377,-0.220168604206598,1.4898198782092,0.195495724892946,0.721435335002915,-0.097098920154018,0.579662298296275
0.00557107571696357,1.44219454793162,-0.227637104899835,-1.76921129421004,0.646825080894124,-0.0681795674689205,-1.25268774237653,-0.907943533578647,-1.82699889118821,-0.450832717418958,-0.705737344610656,-0.549914945483766,0.53050336248404,0.553449174022422,0.628700202436338,1.73650049674685,-1.93875707320163,2.20972960940157
-1.30475024446025,-0.698654110154435,0.0460126182772876,-0.202671642240707,-1.02628680811554,-1.89702838456192,-0.441785002381343,0.622863953556046,-0.625255687976131,0.0708218925229918,0.448747418388364,-1.01672829421081,1.47696677585951,-0.072123732138766,-0.212468170264679,1.58713655029034,-0.647825872953881,0.921423196224415
0.247274254330186,0.940514985754824,0.909262195343204,-0.824901385847081,0.0998198854770073,-0.902447864428618,1.17818005214601,-0.011800003182589,0.776794344508282,-0.437927584341722,0.828094071586227,-1.45670470064024,-0.378030194392254,-0.173649380403842,-0.524472236113278,-0.442559305728612,-0.157608987366486,-0.550990773963125
1.04704576259237,0.403727128070094,0.903678097688636,-0.780184490012618,-1.37094846905563,-0.748647334050963,0.773063906030918,-0.520660334042171,-0.736807574441692,0.0624796507662078,0.131563903753735,-1.02632945274999,0.694606557439874,0.392714709637913,-0.238517108639188,-0.0913544751577921,0.819534366460574,-0.0141883559087724
1.62310051920103,0.200237708971693,1.22128503861487,0.483263122882915,0.360639377683555,1.34050408787343,0.29690268303621,1.39661184742363,0.972911970510261,0.957476910654947,0.801607505380605,0.812226847667196,-0.108711346428373,-0.0778761852387976,0.415862331825244,2.02230753475512,0.447999277841749,0.383228740628214
1.00298555828347,0.709298705873294,0.767225348751198,1.06174820057144,-0.0383863376652115,-2.07893217927563,-0.398186223974583,-0.0767495836746278,0.895359072869028,-0.264063114024749,-0.211770437766563,-0.914779435784598,-0.00882711252636214,0.195147271127703,-1.29304978172465,0.452812499660123,-0.193373802725602,-0.824753892915863
0.641000458744037,0.31074448595495,0.802293991692678,0.192356393495191,0.792301123794164,1.85810336260661,-0.260551082453871,1.14850979796792,1.40654436195894,0.315949349940215,0.631285296325987,0.578544126725483,1.56883635988508,0.5888375595637,-0.750309113698813,1.22413992454598,1.41856357504671,-0.00599952807191954
0.186418295818738,1.10587591593196,0.0294032485530492,1.18717434186578,1.01503948976565,1.14897436426251,1.72075488821349,2.07263033563317,0.780091002460774,1.76193067093474,2.23345550041628,0.777002273910864,0.824099589749645,1.36394491091612,-0.922428835697417,-1.15173934956655,-0.0224487736164529,-0.0649719610265933
-0.403581230996155,1.28482430352218,0.680027451912264,-0.275698886701768,-0.150149109972241,-0.175267239507396,0.912399241029179,-0.734882828995745,1.45892253262147,-0.125474200985571,0.25817322518525,-0.543175706329352,0.321098492589569,-0.203055569415185,1.49378596518386,-1.43481552635055,0.804413546881947,0.284922733985686
0.847891697071213,1.01601283229271,1.44414302740856,1.84921549395481,2.2796933041479,-1.04959451477942,-0.231620685984012,1.17565677371175,0.256138316199929,0.689711289162534,0.642909526824215,0.685456708564117,1.59950672604474,0.154878500606477,0.339615445260146,-0.755902742863992,-0.219135425546739,-1.00691469486178
-1.67576854324933,-0.717190229692403,-2.09462641686804,-0.578501225640533,0.296075664018139,0.866064047011679,-1.10508885840568,-0.042555127716928,-1.25671129535258,-1.38983189444466,-0.449458189848784,-0.461413422734459,-1.25972288545685,0.657463882748443,-1.30670447509563,1.70471703023444,-0.864192351195514,1.43485206998174
0.85816406097254,-0.0365077558462998,0.3334445627247,0.008374152082343,1.56940235953754,2.28605917364417,1.83421012318439,1.89403094693326,0.663335843116455,1.99517589395827,0.197139588098307,0.415292190217961,-1.37326735306201,-1.32025382071336,0.269886226180019,-0.0259724548491909,-0.254115143845803,-1.03816201597125
0.770359918419853,-0.451726026205111,1.94905339124888,0.534022427883635,-1.64311322105975,-0.412384919666652,-0.181558554948335,0.638710496644864,-1.17477324911283,-0.647274189564323,-1.05390528739068,-0.434767332817871,1.2709843311034,-0.0814471875093566,1.33319491215623,0.232328997924527,0.273857681453456,-0.0287076593720393
-0.281483135064762,-0.683890338310761,1.0802396536871,1.29667596399005,-0.79305606041243,-0.438419178804417,0.940969376348289,-0.998620420733394,-0.455051114210427,0.727129375891129,0.12900909618437,-1.47466680345195,-0.079822859263801,0.00810884100670092,-1.22582704129334,0.514924145487626,0.391086792742177,0.36397931518042
-0.574897589953557,-1.07772146573128,-0.95170465940512,-1.59617883669604,-1.02445156827714,-0.785174130939577,0.394006087521207,-1.40910532576529,-1.37180281577207,-1.27242226271733,-1.83685130810939,-1.24690641039713,-1.7478830596407,-1.64285204676178,-0.712011783059862,-0.118086020248792,-0.0964206932309991,-0.0536409351791401
-0.442277559081258,-0.976097000487296,-0.503709013665259,0.623314451532286,0.839275246007032,0.203440479398684,1.51644933742885,-0.544937985902288,0.77064291238016,-1.09972131809448,-1.324857335574,-0.764995274249495,-0.228976879484167,-0.325055376592028,-1.34629323058165,-3.27516758272085,1.40749793427477,-0.86903661521516
-0.299920265697678,0.0128438192757649,-0.467485572225564,-0.207132991899267,0.466161515490716,-0.0334603805157543,-1.31487143938868,-1.16381481780526,-1.71128524844837,-0.349422622038724,-0.135333206893586,-0.541792163225494,-0.886057269726171,0.129715379180612,-0.851673292598153,-0.627113230904718,0.259055029690849,-0.0421037298895999
-0.715068318847665,0.118255212817721,-0.809544468137851,-0.01181616855605,-0.269779903038892,-0.600395851910698,-0.399999088888094,-0.0825926396437557,0.746323732392927,-0.370915779996809,0.200422306431337,0.715548946765578,1.48139877839501,0.226652173354065,-0.58451542551871,-0.00511079015890131,-1.2243454356074,0.590888759838558
0.0780918948582362,0.387742368000589,-0.205745183886846,-0.442632525544935,-0.28523247970272,-0.427950045721266,1.36256473000712,0.708031620663319,1.46301434721168,1.46414451281728,0.288991725046065,0.414430650804714,0.381270673387772,1.54790806704203,0.84518021013234,-1.29262278587283,-0.440215185616811,0.0646834490204765
1.73513490025557,0.638771637700508,2.01498800841426,0.00746525017226458,0.494033452752224,-0.0500045329017222,0.810407352035611,0.542041472939912,1.22270062767148,0.679087880801135,0.715104651716299,0.967435667362435,-0.172262601288641,-0.93175012413147,-1.12225930968736,-2.40136511886443,0.781156474914482,-0.964860869343705
-1.14764890304383,-0.0537444953050219,-0.346216552020259,0.729448637198433,-0.73739716147127,0.257218831928072,0.437993400148998,0.960854529671584,0.891409361506466,0.137012241794992,-0.521638760706321,0.189512629240902,-0.750028831997857,0.309217381265775,-0.204489049375079,0.855281917597782,-0.745279150726842,1.31380678282824
0.480154653725016,-1.01039862003852,0.115919749890045,-0.0407994656096657,0.824598499207156,-0.362492985635163,0.885815984754577,-0.248076161752275,1.14342834117842,0.633095463875058,2.3860133144978,-0.479513505817022,1.34876311437373,0.607993103793664,0.283352864030123,0.79182990385045,-1.09401523679654,-0.039226590027574
-0.0776194174419904,-0.568635826290636,0.61702999768075,0.553922222043414,0.554975222352385,0.675460938184305,0.32944260551333,1.11455744093112,0.577397638774827,0.689763158878525,0.897982653601524,0.456883735780121,0.159093980148916,-0.368063552148419,-0.237619467513212,0.980765520940815,0.116519971213406,1.03261769397466
-0.85779451918698,-0.924250844074711,0.0795694085357764,-0.420133959145095,0.969860780229368,-1.36030459672388,0.257105265929496,-1.38723907223429,-0.554109888574676,-1.63269355713042,-0.355968648010195,-0.202786510589255,0.222855249319968,2.54039251710607,0.910156972205316,0.55628214534994,-0.568167286624942,1.19569691013884
-0.543358322568269,0.553449029887447,-0.53251884454957,-1.17422016645144,1.34257936260916,0.148994455950482,-1.75105868506728,0.170036938831668,-0.259951244350162,0.0572792992027561,-0.0103833903456515,-0.326248248482206,-0.0261180262858073,0.147733198192477,-0.462849525907423,1.45945192488843,-1.52755304028945,-0.109817391886318
0.782988649213062,1.20558442913275,0.355931759299076,-1.27632065740553,-0.376640167032144,0.328343667896523,1.6271270079256,0.537753677958706,-1.09383592191436,0.392268683397656,0.225052730906486,-0.0632383792349578,1.37809240706059,0.494855874395931,0.518044058066429,0.334104610388428,0.158364307994032,1.05571741741336
-0.372064064529594,-0.435574249968821,-0.699345078537433,0.137353701591065,-1.42450982977021,-0.648644084335231,-1.49294129428166,-1.08103420904433,-0.366215727567802,0.143882174460037,-0.389257424073607,-0.639179260325735,-1.39706313599825,-1.56969675800265,-1.78137297421976,-0.159979600189326,-0.968386140792256,-0.219639570293015
-1.16400984326721,-0.552253988278932,-1.75160325061031,0.0655277566055269,0.298408364816667,0.341695310057662,0.00127750904504473,-0.490830758266388,-0.451518826221382,-0.996121979265236,-1.53578732191563,0.365557822384386,-0.55365908316763,0.388711806979701,0.299726314083989,0.0426952091953794,0.47809183208729,-1.76498862582648
-1.8753965361968,-1.49069553564906,-0.477053204736585,-0.940723279847247,-0.448952140020578,-0.557712863130515,-0.216873390013441,-1.3507697495679,-0.205718872612567,0.363561501642243,-1.85108967126726,-1.39438619144467,0.455909490731105,0.467226453153316,-1.62511161437447,1.40852435701152,0.223708768778458,0.284049328138014
-0.618999321421405,-0.874656882046957,0.892176562346362,-0.784719575755039,-0.233948406010244,-0.120290410208394,-0.175505910647983,-0.736285245462563,-0.713370928193588,-0.466506697564921,0.523080859390345,1.09783491338925,-0.500114845111572,0.608524222741189,0.238861847562694,-1.1091016220555,1.37684214146624,-2.47791221191036
2.450996177322,0.471525597828274,0.848263982255271,-0.419736646935383,3.02123040044247,1.72142316865955,0.50065205626442,1.3440872074734,1.3291852030536,0.746567721333161,0.0232193402787975,2.06615326737534,1.03754389951822,1.44087748647351,0.256071425593977,0.0748727817731298,0.322249267065578,0.858569390688631
0.365062738282567,0.898118391160622,0.69288533196493,1.0368265940676,-0.696148273717621,-0.157948379371916,0.0912829119500096,1.17451480517792,-0.36457167091657,1.40117448112172,1.12673997033139,1.854891898071,2.38083619005704,1.69736505395481,3.3455537727392,0.881622821991315,0.316128387980316,0.955828218894986
-0.569671843935969,-0.13214247039546,-0.171357951387809,2.04563576131177,-1.63984283282608,-0.560219388552909,1.58423274879421,0.721965340620612,-0.860964715632017,-1.06324769902935,-0.152598956440037,-0.471478110514526,1.028095141185,0.251222218274293,0.807455150319546,-0.481655301805447,-1.15223552133521,-1.06705381659598
-0.640051359100157,-0.682509391999024,-0.0323962945568648,-0.346198195568424,0.181952158096681,-0.480172460367416,1.15207759761719,-0.86654483243732,0.448943516475571,0.523606667848747,-0.400233613624454,-0.518230567427793,0.0214875673965292,-1.58704294650261,-0.698206891386492,-0.150588891448135,-0.0552304317701748,-0.334679267889998
0.340048833774333,-1.12323002680984,0.36407047063101,-0.649029271763601,-0.150459666396833,-0.653129008084497,-0.921537283882867,-0.738617117126725,0.104626055680352,-0.0567822906276736,0.30491978986694,-0.169383902791488,-1.2998460324359,-1.07494047586018,1.7847408030029,-1.70168256334431,-0.718983232833087,0.420793869676618
-0.341064217158278,-0.546259763338802,1.04549139702669,0.858043058285813,-0.731545788616083,0.363853753686994,-0.838512305101063,-0.740747415512175,-0.336858116672435,-1.43647083046777,-1.80042417453442,-0.604818443579209,-1.43156780978049,0.387489593193983,-0.527644700499161,-0.771855019528583,-1.39402743764401,0.928065370013048
1.2918555714996,2.81922609332999,1.43316029496565,0.18836000239509,1.09648888574752,0.321297503327307,2.64258656271503,-0.368586448305201,0.570942153604105,1.02430644429561,0.862375366022879,1.95976450929477,-1.83467895500042,0.403915542723188,0.379229999422368,-1.02121196852032,1.84343092406569,-1.49364094196746
1.58942563053222,-0.79362636700162,1.56516898921513,1.51774365650777,2.09415884466666,0.596051969007279,0.76778632601048,1.47376061513832,1.47561752466629,1.62719714686318,2.07285828212087,1.35337506213098,0.511508661339548,0.731816377636517,0.810727058138266,-1.04416599262092,-0.181855917791742,-0.90378086259265
