"ComputationTime"
1775.352
