"ComputationTime"
2879.60200000001
