"y1","y2","y3","y4","y5","y6","y7","y8","y9","y10","y11","y12","y13","y14","y15","y16","y17","y18"
1.24193722589234,0.950321676418342,0.359675976433957,-0.776981717642564,0.839974620911836,0.431584382340707,-0.354028667853496,1.03976539567379,0.024277118147723,1.07400235972003,0.797007841570943,0.401723984016417,-0.468733953229809,-0.0346173936685947,0.894593029335808,-1.06716332927951,1.70426547613397,0.658678596242144
0.985086594677169,-1.0621201412411,-0.230738134201556,-1.02438220858004,0.558325037938736,0.834270588848953,1.93086507223432,1.50999766859948,0.837811337182675,2.24158089671376,2.15093281286212,1.41479540585137,0.536483923579506,0.853143509782446,1.98700762657379,0.647848617135552,-0.204826670819868,0.630413744321505
1.53703516324949,1.14459449539593,0.810729987189367,0.771256655167989,-0.763322026587949,0.971015834360248,2.87997576153821,1.44732916749934,1.36787083293616,1.21038576426712,-0.552081643678258,0.514645710435344,0.124383143199609,-0.166676081770708,-0.606287418381221,1.10221853272118,0.802320703231871,0.212399628670704
0.259794192058949,-0.151784774969044,0.0843029380422705,-0.435419275445383,0.157433973103424,-0.945732382124631,0.881288654721359,-0.790493229912766,0.105413910118804,0.4081412343991,-0.0529733894055602,0.576031534768589,0.110691082251626,0.487287063242615,0.614313481204494,1.40820992732893,-0.269991404450476,-1.77878064293863
-0.339295410060788,-0.153038869154029,-0.146370680740407,0.151215738638934,0.168626708551081,0.575458100683799,-0.216735997018315,1.28368135624901,0.64773764359198,-0.716560399236114,-0.268254520155093,-0.439700651705184,0.561826675506731,-0.209273250669062,-0.337129328221716,2.03661262387037,-0.371121430774106,-0.319245747106806
-0.411261629123711,-1.4054879686433,-2.23338934436686,1.34736140735411,-0.359375488533371,-1.44362216798612,-0.555021700565482,-0.286881887192832,-0.323308948033998,-1.28304059313308,-1.857144759326,-0.523130458609901,-1.28823235068212,-0.305739571324168,-1.20957792384033,-0.56429082204466,-0.0985203110702114,-1.21514678187832
-0.711221320033321,0.999589090788471,1.08126294015656,-0.392627115099427,1.791357701749,-0.240835889040507,-1.18645285309175,-1.34751060763971,-1.08745054178793,-0.0154737580352632,-0.522599388586115,0.116455239938779,-1.80860330727957,-1.22112204746665,-1.47299140411138,-1.16188453143163,-0.639032926110784,-0.563410223083325
0.225436354038204,-0.627590475152343,0.23653050394923,1.27588321978043,0.310765668892392,0.634858826977472,0.225354127513721,0.370531548973376,0.885422984410994,1.13061218081121,1.45741327372375,0.76333965687836,-0.858605422462944,-0.288672237177679,0.317484075267016,-1.26497771829545,0.487715317958762,-1.04018412467511
0.113024435822189,0.857506382607194,0.811839478664342,-1.70645914173431,1.44702481011183,1.5265916451091,-0.727557812754903,0.817718278378514,-0.207563137254653,0.0473200272934718,1.12815939922107,1.02872423179279,-1.4934007118198,-1.75524106640867,-1.30282976412383,-0.472036961250085,-2.13753399478275,0.27088994043688
0.919921122564001,0.627201353476809,1.78542229119178,0.768040865566009,0.560624089037144,0.854732527554776,1.72522451593834,0.257658367082694,1.05781539307831,0.897259074655437,0.76180300201486,0.519281457833922,0.473020373535032,0.391902132598787,-0.117501911831385,0.528317241981162,-1.44568866329677,0.697889099586418
-1.18593814560168,0.396154151788731,0.0639247331127437,-0.375837897269609,-0.3345497385773,-2.0963923134708,-2.04569913835553,-0.903376173371701,0.206098038569184,-0.769958331236905,-0.101199363845885,-0.015321115751737,-0.669344342290737,-0.387042149923797,-0.490344366336869,0.649060301113278,-0.844419320726488,-0.701706235661832
-1.38636906134275,0.649423174569813,0.035222744600657,-1.07212527421091,-0.255652521943119,-0.734181928514615,-1.17451985503798,-0.138644239241683,-0.189112528896274,-0.399535565620639,-0.905586980343337,-1.70520173973842,-1.39558118681856,-0.237076505036048,-1.61923596048745,-0.853569397673795,0.652197725101642,-0.118515873233105
1.25151797883134,0.129433678797886,-0.146760144668702,-1.64560555304811,0.00377975837903204,1.70228744323766,0.684544937733874,0.0031735276461128,-0.64814267383098,0.598823578957464,-0.274632273569897,0.405390430229996,-0.00010213283527608,1.02566790717391,-0.136686647047342,1.03205923812891,0.39016519967982,-0.36183123983523
-0.47300915157628,-0.927784409756696,-2.43232287074647,0.28699050179733,-0.76257747419913,0.133261010691805,0.118650894803911,1.19508160787522,-0.872177425816532,-0.888142345737767,-0.195614521727231,-1.11501957063832,0.223796512089918,-0.0380253415007651,-1.11322465772377,0.321689859167204,-0.192798903925828,0.000492095681322163
-0.137777794621683,0.757787211302457,0.371414671609975,1.7817090692127,-0.449100380907922,-0.610020102496607,-0.130738945942584,-0.360526779330839,-0.925024921707159,-0.753124350647194,-0.89622344346503,0.764765617827137,-0.706322018599259,-0.814830479180259,-1.03656768979511,-0.167718900710231,1.55533667340148,-0.835642828174828
0.104857019676446,1.42906876455852,-0.79086655190454,-0.0196534507710006,-1.10547790489342,-1.0033762754535,-0.389239818017239,-0.805530186215297,-0.424230616559674,0.286491048800343,-0.736822093821243,-0.961625744956365,0.587550287693134,0.400654494548348,-0.18366992632811,-0.0464146036463524,0.283968883844825,-0.328751970971973
0.492531864748248,-0.45232845114235,-1.04985343455305,-0.196009369025527,-0.74276044378679,0.704668623035338,-0.684624198857408,-0.502699228498493,1.16560437577317,-0.69743126588881,0.389276267418846,-0.308316503524914,0.245255824024324,0.893413479351422,0.141485404647476,-0.132313242541188,-0.977826822827282,0.910079442597248
-0.45218331248179,-0.433873632646584,-0.709932471986166,0.798624783259444,0.431374654265533,2.48688842807331,-1.71351895534345,-0.622487993394565,-0.542734048130152,-1.76936251774472,-1.65860277990599,0.568891323941628,-0.686530623754603,-0.0411007380476649,-0.473987785102725,0.781363948552795,0.0773349729447948,0.728086202775726
0.849193005110775,0.702033324405647,1.67869952050872,1.67762495831688,0.648717937513105,-0.452670253039272,0.588715825105533,-0.327202887478801,0.0994765507444318,2.00494368667637,0.937601545922231,-0.600241265482379,0.527694619447504,0.816149493218314,1.29471197514823,1.35842628615528,-1.52651553174073,1.16626114171182
-1.96954961482105,-1.45446095022539,1.35272943623419,-1.31720021231157,-0.382425458204368,0.801595443434477,-0.637103937893234,-0.358382654988409,-1.0988549763078,-0.770416059561249,-1.44359506216461,-0.692924674620331,0.603732650535972,-0.425619205879711,-1.54139294205568,-1.01921580854746,-0.38089810818171,-0.618787941413493
0.724803952389605,0.770528314794172,-0.157379332371211,0.203593898054171,-0.640807639518475,0.69440691271136,2.27518530112473,0.336963980887167,0.704583620955316,0.747784236555302,-0.25575332401106,1.26152860704438,0.963530653996641,0.554321630177021,1.06257878367465,-0.757445913451649,0.971113708478545,-0.641770385905112
0.452397762526786,-0.34387433101526,0.431115358933359,0.839182182534958,1.04715509338556,-0.287210733893669,-0.750452969821754,1.02576681853748,-0.452181749531277,0.433408643038981,0.583579440215504,-0.0638323846132534,-1.23577824209941,-1.31321240568106,-1.10910017834152,0.57955646278811,-0.29490480216899,0.216402398887716
-0.989802589954046,0.366779791987222,-0.192690551427071,0.792401462578372,-0.626925418766347,-0.86783797398765,-0.298506832289087,-1.42100534448523,-0.466353780403376,-1.33495656856338,-1.32082030664222,-0.875194675792527,-0.828656930323848,-1.93509645138198,-1.36037219990619,-1.19468563672402,2.16487225660345,-2.4076094563192
-1.98416628742833,-1.19607538036105,-0.320292104300873,-1.86016376095072,-1.04132575786709,-0.0827097180353176,-0.234803633298273,-2.01272110684614,-1.11600032360102,-1.56406933550878,-0.993931961921459,-2.03324823964424,-0.679512563963988,-1.41005288205649,-2.32086620872025,-2.64902179915761,0.490326310056972,-0.782377905315653
1.28574971602436,0.688178999996995,-0.635512149270612,-0.968559318839207,-0.148578586761505,-0.595230508813493,-0.846737156325061,0.116724366736786,1.09082746522626,-0.63676116715812,0.863917849315993,1.37064139611199,-1.10619356571246,0.686620199568946,0.932953401995699,-0.336799959554928,-0.283224758690866,-0.646514634571752
0.108653361548833,-0.163189939128551,-0.653214429325613,0.772634611149465,-1.10732324005741,-0.672007623020692,-0.542733011292358,-0.252225877820183,-0.18119389087362,-0.504190384864452,-1.75028969534504,-0.0967271846333534,0.954989407593751,0.485470295126991,0.372733717016875,-0.573779855319481,0.747309031047547,-0.615067863359412
-0.869844394384029,-0.728752078951728,-1.11495355938404,1.38588618626013,0.647726854874234,0.046179113800379,-2.12559678313991,-0.216324907462552,0.365729714616776,0.18162979908374,-0.162689939845781,1.54027336299765,0.424693375955979,0.78711261244461,0.742824211894399,-0.972507105525614,2.52786757030193,-1.8895786280463
-0.328593612060338,0.0804878367272564,-0.776136702878961,-0.189579114373671,0.500789648217523,-0.0718456722549568,0.292046928373113,-0.860024354075716,-0.112531831164834,0.118702694129614,0.565515716166664,0.194820266024648,0.678711642258735,-1.07617198881082,-0.948272651336034,-1.88757503840293,1.17269467880129,-1.63656591794039
-0.882053709991822,-0.495847268019499,-0.71994577826234,0.740290010913126,1.11535241539787,0.294489263201692,2.84666137265986,0.973300007534424,1.88732227355971,0.556010003757025,-0.162552761282536,0.720966400986081,-0.358314006810213,0.831827629414869,1.63555089618431,0.308127566319497,-0.289423072090596,0.282705979261596
1.11494999775506,0.323556170630904,0.0553852614863941,0.975831924672763,1.83722124012135,0.738993525093162,1.1829215447276,1.42202148545641,-0.73713224984216,0.194800202273825,-0.137115153007426,0.0489085303974594,-0.180547126793316,1.15492857373545,0.158279992792141,0.7130766372283,-0.557808920524171,0.898743893881286
-0.759460555242009,-0.3596677136645,-0.0507585954355694,0.740176460337622,-0.638851599883456,-1.00641173101133,-0.479686957546634,-0.954266763178777,-1.70016770811881,-0.318605868654031,-0.503089993072807,-1.01656473092115,-0.586398315518106,-1.45985139821703,-0.693593275571103,-0.736824299548732,0.244965978620231,0.602148820377859
-1.24468642011878,0.768653139374085,0.0359637781741558,-1.23224847067385,-0.0145912666018923,-0.0697910685162791,-0.760940113835603,-0.238192660831237,1.38064129373317,1.36194943109596,0.320142017208031,-0.18762871708526,-0.881220957557902,-0.906188847464542,0.311516669734762,-0.955844085662152,0.783393756338909,-1.01613528594504
0.629747551944412,0.936255751984194,0.519680800624879,0.47000391774392,-0.163799146672661,0.456043480389754,1.7723541348592,0.337255045902091,-0.0421923356637493,-0.892815145563779,-0.194413922275171,1.53559475104306,-0.100922505051747,0.787713571714617,0.35733615390698,-0.359072464160988,0.268937917090056,-0.102053787310665
-0.266066629377433,-1.25420830286113,-0.820716134978673,1.16028963038609,1.79552786151402,1.17367351895344,-0.501573006263186,-0.0581741393958191,1.33043294501169,0.238450327217781,0.630070786974646,-0.265116770847315,0.789393284070253,0.447310563261377,0.793650260243735,0.102373673334765,-0.360606834007114,-0.194667227550261
0.761154977221846,0.789508698477628,1.41276886663773,0.0609791108426947,-0.10746095976546,-0.45351403443937,1.76937292092341,1.11222369897261,0.739642522201245,1.22479359426252,0.587357970504097,1.98304848995201,1.59121868995227,1.74696575098588,1.22121510355317,0.501363237236327,0.0392757733089155,0.393730673188899
1.4495985765854,0.148830601890953,1.02136064032681,-0.157869318387663,-0.390792181249494,-0.172382998707937,-0.020251063907978,0.681316896693491,0.0720899541621343,0.269223047149864,0.612207402908776,0.799476573194243,0.691872073644156,1.23060343367008,0.387184265720699,1.38038868696225,-0.698815048301509,1.42994904332829
-0.960473823767462,0.0924268671655255,-1.46460376186342,-0.124389766280002,-0.156773899294999,-0.0465335301749741,-1.4969205479403,0.489880963860901,0.0216465588118484,-0.467197178393002,1.80635851108859,-0.495136910401705,-0.696157079496222,0.622562307274324,0.0445253759855777,-0.821660781670217,0.192916439898303,-0.23124989921623
0.89721181214095,1.71699796057714,-0.808162746292331,-0.389960280977121,-0.407979608713028,1.40337556966446,1.58193826027155,0.912134941351026,0.606762278332307,-0.0811485083048546,-0.188878361435862,-0.735045294722026,0.519708148956712,0.466690125821003,0.856610049916419,-0.125455260184341,1.31976829570953,-0.933069909523513
0.016432836969804,1.02510880976939,1.13369827821195,-1.09298639322511,1.42165228832273,0.890109328662507,-0.1083857320473,0.325436304041116,0.271169211621894,-1.40120818709259,-0.0374802525447466,-0.169956042806518,0.0850280635477222,0.455679664770906,0.606546062628566,0.41358205653464,0.982273785597174,-1.20508229182996
0.501056976878211,0.479797406436652,-0.783514262849538,0.296595129199344,0.518640124734319,0.0382419775733039,1.22438968508037,1.81661012157507,0.866819739792393,0.823083986117026,0.898522210831884,0.252017898919762,1.79124004658607,2.60314580925805,-0.581428505026341,0.74671560763538,-0.16609200378089,1.71993972685161
1.49735943216713,2.23264490438826,0.86986626405507,0.804261628700324,1.6476516968464,1.59478760557159,1.29523992055941,0.115798476143883,2.27206053145035,2.67748389864303,0.52691975578573,1.73027965877086,0.272580081363461,0.994318385027879,2.21746913251092,-1.06012365029043,2.32739215605972,-0.584385053353867
-0.940974667804892,-0.314794635734824,-1.68380812547886,-0.863987862410486,1.10378180785723,1.36281430594805,-1.33549802592139,-0.430950231410392,-1.12472477373008,-0.460368373082169,0.123303726785746,0.669861799205512,1.01373597177925,-1.034510080073,0.910864142832398,0.44364274832021,-0.3538994703108,-0.254226032206136
-0.255661357995414,-1.76524718256152,0.21317781255147,-1.09773246313989,-0.288200218591823,0.432114956151925,-1.24852045523671,0.292753790769067,-1.03761438928497,-0.380045183555223,0.605488249721671,-0.387208079977838,-1.16172908605362,-0.410021480390222,0.199407051188349,1.12563086126189,-1.77444596667761,0.262537937034461
0.39338867524257,0.630933043568691,1.2999456743035,-0.210421666823934,-0.477884038173078,-0.179325577664136,-0.0771635265123927,-0.805177504625747,0.295072016016064,-0.871974504395648,0.39766187484139,-0.52322794070444,-0.358002390515036,-0.858883609923493,-1.71260714439196,-0.0335638750331505,-0.694294018457661,-1.87245719728542
-0.200823861804061,0.0199524738512993,0.164670220028293,-1.76442998499609,-0.931399991931501,-1.28356896499502,-0.70099690851697,-0.143370733374596,-1.08308377809634,-1.15780039970707,-0.0689115693368224,-1.063775280595,-0.632913262431218,-0.631642452868666,-1.0922040995979,0.381652210655756,-0.884646219723846,0.556509792492426
0.366181267740923,-0.60274312488252,0.380258252295803,0.476239071969164,0.51781658137591,-0.280195907190852,-0.207007637764131,0.835890790703269,1.17581636695977,0.055348350046668,-0.102307611540846,-0.655310928042202,0.0383796109794397,0.209082307136739,-0.201598889723625,-0.103010396752665,-1.14922739429921,1.57810318807844
3.032693012212,2.09184704612837,2.97841033783511,2.06119142849717,0.0740428803157006,0.709506428674904,-0.270780779758443,0.66720453095144,1.39588861477517,0.126719470353264,0.597804148416,1.1693541406564,0.367716605849514,-0.110030994990723,0.691402370202927,1.10922225615726,0.484764228074624,1.80712990012432
-0.531977512530514,-1.03786349055273,-0.0395049287474893,-1.62343055840529,-0.917434670959553,-0.492447645704594,0.0300818616756053,0.915409823971189,-0.195451669860573,-2.93814142344663,-1.70926350804849,-1.349114907392,-1.91679916499906,-0.246167415100797,-1.16042550768701,-0.126388114015756,-0.00832403391751269,-0.899550517149825
0.073369326060619,-1.21369713942893,-1.67566424735604,0.536192108650014,-0.420790118616415,1.0094537353018,0.708984326508136,0.660514197260672,-0.325697368137026,-0.0744225536433546,-0.438134803019233,0.717510210156464,0.171737064483713,0.794828616631504,2.10440690020465,-0.429947930888608,-1.20371633427805,1.93794815409174
-0.393359830707517,-0.403584711342004,-0.926317023183237,-0.188584814605571,-0.687730667472015,1.71261523664251,-1.67514734472287,-0.100268547754225,-1.50750076106862,0.0841292160379227,-0.333669915023482,-0.447645412974002,-0.431679123964479,-0.786961323776459,-1.95643731149329,-0.154842919706105,0.40621602092762,-0.00222229049412263
-0.573920141568569,-0.213008263056013,-0.203539096983051,-2.01813140417489,0.174019018534424,-1.13916221874649,-0.294479089455509,-0.000429610103183915,-0.23915961734449,-1.65943567734243,-0.116819397042916,-0.666626768394133,-0.742684397343735,0.111630058885179,-0.444172971301083,1.09926149242314,-0.467621719475257,-0.801700894022933
-0.949127040922862,-1.73067696842124,-1.93838473251318,-0.762492810346355,-2.38491522215266,-0.757902982369149,-0.892712734449368,0.269237255283738,-1.83032173190476,-1.25273132127393,-0.474426175684408,-1.05402968193579,-0.451552251681803,-2.09770808897021,-0.396562206567323,-1.48528995419655,0.585016203086032,-0.662263433155299
-0.347910883853663,-1.04929491721423,-1.3792399755451,1.96909431342681,-0.538948975743716,0.670679160235036,1.52422225012068,0.0502346344668883,0.274146488318768,-0.671031386307269,-1.8098771571612,0.268231111353125,-1.27975726864458,0.142875565890503,-0.288171767087943,-0.694903206684246,-1.20797177856755,0.446271342460181
-0.0746097764392217,-0.205487409417882,0.468539022275666,1.11406557119799,-0.866252908095977,1.33113654465941,-0.318510169402918,-1.36920075900914,0.443861499366221,0.527667282367103,0.480426936314192,-0.465453410785334,1.63921907474225,0.650034322229703,0.429026578893435,0.817601364276659,0.705294830336833,-0.0217065838458093
-0.980516177003289,1.20196901182607,0.598382384310339,-1.29264584021933,0.847427681208656,0.324773103547465,-0.214999710599529,-0.278913174576197,-0.612898300225629,-0.896986747773169,0.213791079226413,-1.19240635378529,0.474406669639087,0.481243682608955,-0.134508799253981,0.626262105401004,1.23982495610946,0.948360078335977
-0.143972097941312,0.666495100661511,-0.908908827044698,-0.559408265871512,0.0149043742378328,-0.582050425576465,-0.068261024332158,-1.00310340764395,1.32222015875474,-0.646332008955146,0.959933656584079,1.44593305350727,1.29475728651961,0.257080822205249,-1.06889683526707,0.731201325695522,-0.757957441577699,1.59045491701446
0.577485139181332,-0.0766738571237254,0.955737474727425,0.382775466461424,0.253437587041897,-0.295560277484363,0.428348203562684,2.35345419518397,0.565748306609415,2.3637963645506,0.963252710336904,1.30711819458878,1.58903174553344,0.784418091767692,0.00290729058188176,0.226292390924635,0.540224661242949,-0.25344937983747
0.805287231896746,0.484380677809295,0.287137520490678,-0.0811316373531697,0.115197809977619,-0.96004700093065,0.200909277432287,-1.02724647209877,2.39856703562285,1.4460935585251,-0.061668855832769,0.258398678027514,-0.17096513985679,0.248504356126526,1.55935324487099,1.62810501677741,0.6683366789338,-0.103057638836042
0.431516251765387,0.382443516446975,0.674833580566065,1.47220778377355,0.848574064451714,0.541595745659587,-0.504445329381844,0.315925601392972,0.641826758878977,0.0719016600542182,-0.805898013776359,1.41486549513647,1.10071902790975,2.00220104059364,-0.722339599246641,-0.140337769471899,1.01653788786304,-0.506749071140204
-2.23386116395149,-0.939191562652684,-0.90476132022247,0.204144417031763,0.715812582255506,-0.877311757005179,-0.972893625278894,-1.36755317652838,-0.760758101541283,0.0787650166834874,0.902252277596482,-0.546689011131127,-0.767414056033651,-0.158774559157691,-0.794365616409676,-1.45961875649243,-0.941735336078567,-1.27929145256826
-1.0934932187491,0.206970465365889,-0.105179867606589,-0.855905973172711,0.011670805993615,0.183331196076095,-0.383490010382215,-0.120850198831801,-0.397475315605209,-0.0413456262299855,-0.202867046353767,0.552071271649795,-0.494612002237161,0.275424060860353,1.23101795337771,-0.490432268239184,-0.111431714876992,0.436974596024972
-1.25405281628575,-1.01240686913754,-2.13015388334445,-2.96009799501553,1.51810370329139,-0.951746551978577,-0.383610654930324,-1.30709021962483,-1.86515356584834,-0.458464774838524,-0.264089774321265,-1.84624505948552,-1.11171790413234,-1.12360109758802,-1.58607747706851,-1.31489550650172,-0.637600000297913,-0.66506798299182
0.886065228437376,0.470907923076506,0.466022602404244,-1.47786101065857,-0.529944212026116,1.59404330305472,-1.83269090454697,0.0428033288418396,-0.450875464715947,0.051681317555331,0.322350383129636,0.497437622980811,-0.548272021396296,-0.487923605903275,-0.184369045789523,0.062940615451841,-2.0588024513042,2.76477517780461
0.653425536703033,0.325665029971333,-0.60549329701662,-0.995344755342836,0.195030361589155,1.74797776318288,-0.076071898466826,0.433028002220842,-0.97709425128464,0.662925305962666,0.244398535600463,1.34355190506673,0.139048388004659,-1.32195681950115,0.29915895051099,-1.81804917526667,-0.705361509363892,-0.108085296201314
0.609593015872045,0.0091559608849422,-0.00554309433504752,0.448113101310038,-0.771748681513185,-1.18904207243246,0.906754064727583,1.27341719916026,0.983182518282956,-0.43610748409369,0.548033266555213,-0.418066024233489,-0.152595052635424,0.637334309098137,-0.698559021359132,1.17294850759333,0.0747839716060577,0.0878304144922866
-0.15914309805057,0.391800620825599,0.343434565555233,-0.811870512967772,0.512829446702656,-0.839629628688782,-0.418021127844863,-0.686390172085462,0.683151841377223,-0.273421848650338,-0.379115012044194,0.416357055958422,-0.70825783395568,1.16022236172676,-0.87203096509069,-0.109925384460299,0.494241412526553,-0.627660061756655
0.366484697660199,0.753865656054482,1.28768700708414,0.384002535328097,-1.07185654082538,-0.28260335955124,-1.27733302312637,1.15685850978875,-1.85648184074155,-0.0697607718574284,0.36347364951761,-0.10839856109178,-0.715877397012875,-0.427257996558718,0.104221594339384,-0.231179334866463,-1.12166658542116,-0.0443737198008173
-0.207383430563351,-0.244417871964511,-1.31873112090022,0.228978194449438,-1.15334012658782,-0.605699246410682,0.446952752836499,-0.899128327906411,1.12208805335356,-0.890930794678592,0.98601987071419,-0.0281779632166035,0.699377576910873,-1.26473322681122,-0.646271671300547,0.622984383137582,-0.199159427262169,0.0909192394499121
0.512477264425743,-0.201418233054357,0.169418316235644,-0.796904940933232,-0.061967604990009,-1.08897012357907,1.19784805287762,0.61053697597258,0.55816436748007,0.786338530552869,-0.0511901098197052,1.29939002723385,1.6841703667589,1.51225444825154,0.228066734716741,0.980206508606002,-0.244814372467716,0.72627636302792
-0.178679011901871,2.20137031428114,0.891918947987143,-1.92872028367262,-0.197219670236333,-0.523279497128554,1.28575388672514,-1.07281822315334,-0.0690986389947186,0.176185308323846,-0.759884431189685,-0.78733738022732,-0.465192480411077,-0.934200547909294,0.974522940715768,1.00987163343876,0.908871164809848,0.726439757792284
-0.094619472553456,-0.545134307003568,-0.572080698700062,-1.01238666391184,-2.01268573084153,0.00662131599324834,0.212487106418794,1.67208031087587,0.255634973939697,-0.76530076905281,1.29554854307992,0.217998418564312,-0.409974802561724,1.17811536001589,-0.580524579273173,0.476990863019423,0.449926194561857,-0.344733376881393
-0.756718593207966,-1.62746162412572,-2.09024850796252,0.188010769620191,0.732871597746553,0.547427340207066,-0.0842336974001913,-0.0874559756870197,-0.905164775247948,-0.131704532207191,1.30606116505378,-0.661343680103742,1.37331884991822,0.536917254430515,-0.585659732400588,-1.65803567916498,2.84868403936217,-1.60407890602021
0.351482622605142,-0.619297693261299,-1.14928001286763,1.3275435091315,0.85355853237114,1.02884260766539,0.795494609113739,-1.03876297147603,-0.273060146866131,-0.106062242034257,0.707384699737953,2.01751571449092,-1.2514934078074,-0.618454466877337,0.742644883971253,0.117280190025584,-0.109483834959097,0.0598365175894311
-0.172193488920189,0.356334107632892,-0.973258920730446,0.141042833723316,-0.929942690535574,-1.23536107676174,-0.362910465361115,-0.658949723385776,-0.863864682956519,-0.450648682491461,-1.58453850670026,-0.976088972709497,-2.79521925226563,-1.88575151575242,-1.39765408172483,-0.418339267446585,-2.24573741639841,0.170328027135336
-0.0185898594612435,-0.521818867810973,-0.904050505795288,1.13513603871469,0.213483815285907,-0.789493725009281,-1.72678719413049,-0.0525126415002566,-1.08635578231672,0.279706594191446,-2.75299700169363,-1.59333534536061,-1.77740692537784,-1.21621265050338,-1.43347877550781,-0.518535110970058,-0.6737788280434,-0.150713059370195
-0.0041047224441578,-0.977774661009552,-0.52402404922281,-0.756407661019907,-1.52803049841758,0.0596155431386436,-0.696407236311655,-0.998153838634519,-0.428457703525967,-2.19284820054625,-1.0522612872782,-0.699363336742103,0.147583184894328,1.33460874159309,-2.12268785895092,-0.31193747751753,-0.0875749866242514,-0.150494410760053
1.3549466822661,0.863580741251281,1.88996498150775,0.413727875923766,1.70135540669323,2.54901922918606,-0.123300325069072,-0.308024350299425,0.424518015839796,0.56666871004066,0.978847084216063,0.898349482947379,-1.20064470914557,-0.586479496728829,-1.07994038535914,-0.416140045710401,1.04571779169891,0.158497259395618
0.101060909862011,-0.6656206947358,1.69537052721305,-0.642562079650279,0.4906505522406,1.17785048182749,-1.73608781367366,0.473147196143445,-1.99674665302791,-1.14792337144604,-1.16641533000652,0.969137806604796,1.07830150732378,0.749596262620754,-1.99028710889209,0.661400256741201,-0.685865429825575,-0.114747609695354
0.106582300053789,1.45608629715777,0.609980377401129,0.224376549549752,-0.676988301259762,-0.910736328178344,0.423416699424338,0.913038896388201,-1.37068491823866,0.197862033159339,-1.16708766149026,-1.28615520349413,0.638313881059809,-0.818378532180327,-0.373676735358902,0.844336938908874,-2.72265585066882,1.50082764696319
1.4549224440866,1.23833196901677,1.19412148995315,0.319928017080948,0.849317466068066,-0.0931668083732053,3.01670474645352,-0.659265350604055,0.999314298766296,2.23430691642828,1.68596396265018,0.364504216534341,1.54123105380502,0.545698757659655,0.947955090301347,1.37689906730982,1.03173624158294,0.94451737109805
-1.0712289637146,-0.734201997257753,-0.133913747419124,-0.914956473603436,-1.84873846057497,-1.77093983601592,-0.641201218107608,1.31070262206294,-1.20711861503415,-0.253820862404909,-0.235762502843503,-0.582227067903678,-0.0982833396130153,0.0285315127797823,-0.426300492619951,-0.823952310506541,1.6527428753644,-0.7719888290895
-2.75446533475493,0.159646841446717,-1.9428825988187,-0.316118780796073,-0.751334665443917,-0.836305125882159,-0.140758647479836,0.372287972083098,0.20236274513737,-0.898101986594577,-1.44622399552849,-1.22101856904048,-1.80159113868702,-1.14430334910767,-0.604067895587422,-1.92129094049033,-0.00365788594035229,-1.41342391718495
-0.506375791710355,0.64900579866543,1.77313654182212,1.46395089945252,0.439461062245395,1.71922714338804,1.43156726351761,-0.444276061230357,1.23017213742999,0.690851064381964,0.721621990295687,1.54845904965437,0.159567723980263,-0.369375683817883,1.63813089745206,0.32040796813994,1.24331324121792,-1.0495317926771
-0.635030989104873,-1.77948479945256,-1.00965747138318,0.887103477831407,1.73034221555879,-0.00906465654626883,1.11941599676906,-0.350496001530723,-0.390561654208611,-0.0465814580473986,0.166015520896648,-0.614796632421096,-0.16888694391528,-0.256746137081007,1.71440978447071,0.409859966758021,-0.0961991253477132,-1.08468384437331
-0.68774017704464,-2.18100920729456,-0.233843052520089,-0.568059576939258,-0.188647517639006,-1.677201073164,-1.98129267520827,0.63430274785526,-0.525283085603351,-0.110320898913537,-1.17750554534975,-0.287178683690686,-0.867499281416046,-1.05557078053986,-0.335164176835909,-0.284131154571233,-0.568311745116393,-0.492498526288142
2.03703533889873,-0.193564983346049,0.912315145580382,0.141416732734228,-0.19593400984011,-1.44686330761256,-0.127336554769014,0.857446348680032,-0.919420899202538,-0.460577676608192,-0.430664227495576,-0.210515674055501,-1.1810354959714,-0.361033051643069,0.396252994606153,1.67113940662318,-0.766913862649332,-0.0977436258301592
0.528752135635428,-0.989336192283098,-0.390789699923298,0.561071994391876,0.0200365417628431,1.1510047206661,1.45811876716159,-0.517478560707513,1.06361712384679,2.02441996422692,0.491888811605061,0.45736681230964,-0.0783463204750418,0.144453157154099,0.793332602436369,-0.485917474401197,-1.21267389895869,0.278383575100124
1.49392400176174,1.08127973535275,1.25376886502082,0.188827881762497,1.17713158191893,1.20073994490548,0.139322569681616,-0.59913720148706,0.0151259220526385,1.28062103235511,1.84200925771466,0.454601244600593,0.0308476986600755,1.02339771148403,0.563394754391617,0.386193622301143,0.675882548675701,-0.514838476166307
0.239467889998741,0.947148848075209,0.218989812820706,0.460097558830132,-0.979866515448058,0.627591209815049,-1.05037812834682,-0.900094728121805,0.396903274422837,1.17811172057694,-0.765616860885582,-0.00364309793837334,0.551275704816129,0.0964096476957026,0.387593178790706,1.16425709309099,-1.13489436995461,1.32637532985549
-0.701977392694224,-0.5668747470777,1.21018569681229,-0.111270241895388,-0.418929227772933,-0.218095580114411,0.736454682348176,0.570170912564981,-0.92235223283921,0.0767759454296081,-0.0999570226385041,-1.35161843801718,-0.279240067085367,1.0702566565117,-0.100654401857912,-0.120407109752165,-0.497054530889768,-0.205898391180953
-0.335530370721477,0.779181896605872,-0.822201261011593,1.44823979354915,1.67320451729501,2.00389011753891,-0.058509658369893,1.0726211536563,0.0981902534291419,1.39999218021226,0.891214569888647,0.912828959854811,0.328305544613892,0.238294431383817,0.261337472858389,-0.271333387110829,1.02784923531365,1.14257381033404
-0.296204362193473,-0.821188555789877,0.30071100474759,1.14313794525357,-0.406352853740493,-0.352399870338548,0.889933502726094,0.182970777612098,0.0442838040517093,0.358014752448369,1.08622773818012,0.284320603292675,0.603172374619469,0.954643253546258,0.797697150330073,1.41859848270853,-1.28754506123222,-0.566843932815262
1.45787637870555,1.55780641265952,-0.0974689971294233,1.73783475959166,0.580092336386489,1.70562898594244,1.15317108827614,0.816822728592462,1.07196080094099,1.46780725318398,2.00544379046625,1.96696176077273,1.03281100440351,1.28989983425825,1.03835597885217,0.668338743010925,1.94664631271891,-0.464741647132942
-0.934164229898297,-0.854212965895418,0.289488284144109,0.361412684742882,-1.1880398798201,-0.138824348109308,-0.860458164292119,0.388909802428622,-1.08489027092165,1.25231656827594,-0.469915301689835,-0.590696523594163,-0.4595542224476,-2.08605638351123,-0.257984855143802,-0.801532407186616,-1.09414941941703,-0.806069753589858
0.903816377610991,-0.0827377747109807,-1.08544152225117,-2.16100568962241,-0.00184100602255848,1.21877869477854,0.111651716529406,-0.604461178403103,-0.696635848877419,-0.399440695009535,0.375074559240662,0.697578110127437,1.52515875523008,-0.42046373842099,0.264020186818611,0.60157162960747,-0.60323097991396,0.497874046128905
-0.908005270336353,-0.300324783522284,0.820079630461372,-0.630449473232708,-0.604258066407071,-0.350194111962355,-0.420134761922534,-0.305342847921582,0.983510171856132,-0.452364501724299,0.454667478395442,0.415348751511308,-0.102927979160083,0.23755144815441,1.66026936437099,0.408244799934017,0.330623880195102,-0.700303302127576
0.696919361550518,-0.283351072537782,-1.14330949769959,0.910994498818583,-0.0626886715539906,-0.584866452514667,-1.2215443832963,0.829220945777944,-0.677141887970436,-0.287534765473396,-1.48733494502511,0.102680135505437,0.345154585176891,0.369081960651162,-0.608810336425234,0.516950767349979,1.64718399543766,-0.844920286013465
-1.09436967660236,0.146198381946757,-1.02485506676111,-0.828365658357177,-0.411776222903422,-0.857704598901045,-0.918322480241513,-0.470121026792221,-0.662318039333992,-1.41465552195542,-0.944919151262853,-0.978487323516189,-1.69394991635048,-1.0777513765099,0.299458965129369,0.653814961002505,0.310458525345777,-0.884219807279771
0.997993375806202,0.744321811214133,0.40024969188866,1.24845179863699,-0.400104371923605,1.23757108440157,-0.0368498788040567,2.8231085819416,-0.307998953176415,0.32625944994861,-0.65872539859318,-0.38721986935913,0.14444737337281,1.13588545349222,1.01267960891669,0.666874966148015,0.27869983215648,-0.69718464118819
-0.158631280594493,-0.520523250019577,1.24354606732252,-0.155099251202543,0.128724833115813,0.734156720316254,1.114737048618,0.256359864917672,-0.121025213839571,1.26704960030637,1.17733425449923,0.108723410900618,0.894725990625081,0.318378456073561,0.701506256920106,-0.100794872051171,0.225273091780891,-1.4650161456966
-1.07103274375423,-1.06259824508699,0.395616596170316,-1.57486201650921,-0.931828524834212,-0.136226821239223,-0.365129939361324,0.579782960138681,-0.115776563602398,-0.606135281752983,-0.550090711983946,0.28465766042776,-1.30813899304606,0.525812618603863,1.20523609822613,0.0889117737223298,-1.37552879086348,1.36811914508884
-0.436002395899116,-1.69141123833682,0.315749556491999,0.784144338698553,-0.741626205102019,0.223399236862594,0.507424231009962,0.51514285900489,0.148043497396548,-1.31716552126002,0.659312275157836,-0.547837330075907,0.331507048575554,-0.251619489258473,-0.663357824686851,0.147705873423378,0.857461932757362,-0.970862304845514
0.953758931373845,0.477095313805421,0.0163103603427742,-0.115284515889645,-0.244001734326678,1.10107103473549,2.8957256016896,-0.813647025770769,1.8439281443144,0.42485276056048,0.0353447300101941,0.173305736828697,1.25295619948918,-0.0853439619972081,0.407351088449254,0.696763386110523,0.418691000758823,0.890604408987387
0.0604710065574438,0.765173729372804,0.427231593215925,1.90176217367355,1.73008711054405,-0.111156392728447,1.68948114516278,1.55245610993151,0.327312508860214,0.955694102014211,-0.110414179511346,1.95653726964631,1.20284636974079,1.0840376399572,0.75783648202915,0.239614029122637,-0.666866639354028,-0.0783915702940968
-0.901273044866718,-2.15801485020544,-0.938268753788961,-0.383752117396793,0.581194049030261,-2.09978759183556,-1.72426301306805,-1.41562181129664,-1.74119876758602,-1.10269866369664,-2.73837640418258,-1.63821603792558,-1.00047910571595,-0.701270470655655,-1.08780823391055,-0.1326783635153,-1.01377001395849,-0.0135358782439139
-0.0471254915222538,0.867002031809506,-0.338524263932143,0.475309351360071,0.084169889770509,-0.294562067791233,-1.32822011937837,0.359916268036778,0.973716566434795,1.05484718747735,-0.134620917356585,-1.15541017983679,1.1560311454569,-0.939244909605014,-0.111170091139785,0.0295361763518758,0.878821405889119,-0.326952694260302
-0.00641057467925923,0.390034900939338,-0.671997621606868,1.40549393618635,-1.27456902583157,-0.729955105655082,0.108103248827679,-1.73518659655576,-0.0693197388496615,0.214560607137649,-0.0344357079155382,-0.595439501054757,0.797360311762771,-0.252175042539714,0.823923619093306,-0.292101542725453,0.402880539299966,0.725133158444831
-1.80576962000242,-0.133574555121202,-1.66159021094249,-1.39038158399934,-0.248474460047548,-0.665329997454891,-1.4498100127791,0.940255799314267,-1.08131650653396,-1.77306389419567,-0.136975865031766,-1.574301865279,-0.628960296038537,0.794863612326608,-0.722125219966139,-1.19903394239305,-0.582787716739508,0.1213136715097
-0.153071602877675,-0.0631151479197342,-0.282888081118676,-0.118317613688339,0.454120843166815,-0.0670592843301091,-0.283044763268196,0.123574447916878,-0.335497811537914,0.277835795687988,-0.275209788123566,-0.480525928302814,1.21993464172273,1.16679989809795,-1.58670699022933,-0.355737931240966,-0.0823792398466159,0.334298580993847
0.058177762722325,0.542929922637274,-1.29895444752977,-0.227229634351318,0.8507362399223,-0.666892405572245,-0.0210768350586238,-0.47098873408014,-0.675710032774927,0.32335498594775,0.904546672667555,0.561552495573537,0.309627228150548,-1.20067323892926,-0.967325676591061,-1.11343047915457,0.562484779489745,-0.284602445641164
0.765858017389471,0.716430538175309,2.36414068348599,-0.745838678330555,-1.51999948273817,-0.207612010553075,-1.41800196921355,-0.407597704026746,-0.412936375262957,1.33802716609273,-0.458409883692223,0.442549683219139,0.826432067175002,1.83966301568861,1.10559250388535,1.74420280100711,0.551693369051606,0.224891138267148
-0.45761303216105,1.37821666522767,-0.0981747949795207,0.0283796049936017,0.504006953637431,0.625450549720742,-0.38767720828857,0.0916331626736433,-0.151410688991286,0.168388004617585,0.439802733573452,0.515956530682691,0.12112119026437,0.155070933979498,1.20245871575093,1.2595075152596,-1.04684740263854,0.213873468408871
0.722324186455861,0.604324854285451,1.50956985091775,-0.895694451485534,0.0295550464628002,2.6456635448344,1.79414938324514,0.33686478101391,2.50734314100007,0.611199798173659,-1.35144810807743,0.829433957324232,1.3258921351016,0.794335047511992,1.8661008112511,0.191236720109822,-0.567951539286564,1.01099384369833
-1.13059861349237,-1.33488313025422,-2.38685955244302,-0.607955243686467,-1.33244471454903,0.280523594746569,-0.156341069532604,0.086486317485184,0.333800944500155,-0.511363663335121,0.597943282474549,-0.79184035638932,0.646541769210542,0.428512677153696,0.149929969023602,-1.29172307993771,-0.190128611384689,0.0762294069517711
0.320970309900781,-0.237455889015177,-0.921068234548853,-0.811485912255033,-0.937577301124679,-0.44167794336131,-2.8810011112697,-0.215442557932015,-1.59823652255576,0.221226492780929,-0.315128071697943,0.0208580689211757,-0.0742545500242739,-0.635131513979751,0.724166046675816,0.419917699770836,1.11892989438824,-0.363048132035206
-0.57955833131517,-0.62918006070655,0.31148200636327,0.89609002511759,0.144370180965745,-1.45819587599461,-0.598246817683069,-0.942920262902979,-0.363567392322301,-0.905989502611197,0.0188293164256172,-0.468154058162862,-0.957635447667703,-0.185578808510487,-1.18946399861685,-0.463834406309286,0.72333071728666,-1.64217120647482
-0.722394928018663,0.122666517658041,0.301806602624423,-0.736311528484936,1.83228614592273,0.799694791511693,-0.461296035604335,-0.283168354131707,0.917264641050784,1.70756854981931,0.63265575475084,-0.147571396392137,0.20549975633954,0.175587044831167,-0.176771825760785,-1.09175416052189,0.0353589198618722,0.448195561077821
-1.17582838132137,-0.692922339456186,-1.37707756887057,0.797079737771488,0.414408979338138,2.05466912684739,1.02296090581586,-0.232691853718862,0.44766858145617,-1.22904377584469,-0.0406845664699676,-0.402617971977849,0.853965495489993,-0.894283798852634,-0.950386848046399,0.769920855700947,-1.30864427951173,-0.621227379716571
0.134986761453963,0.191323039692552,0.0469473271393567,-0.287075543522089,0.00364078638444113,1.13770826049048,1.60085752946656,-0.611825174581899,1.15466285796858,0.860571842315979,1.25778316432704,1.27066783782792,1.22831564801273,1.11044889600762,1.14379073901688,0.911082001074679,-0.53651081757624,1.08266264369379
-1.54525013044707,-0.915397778096341,-1.54480725878033,0.426562556696034,-0.27004909789162,0.11950645914944,-0.849342565678344,-1.51060889553938,-0.648416147772174,-1.0223431905784,-1.97009143380303,-1.16539806520381,-0.667664389250088,-1.69428979783636,-1.17542143741048,-0.220595005548654,1.06750862963673,-0.793028200716233
-0.000519213426858322,-1.12785742097162,-1.84682238163266,-2.0240090292945,0.98067207992383,1.05437407593264,-0.252581353639404,-0.408263433400695,-0.642566803223183,-0.858048276000712,-0.716263816098563,0.0482899917624075,-0.879083067063854,0.0553741965904297,-1.03893082338862,-0.609309676560656,-0.0519257884213398,-0.403226404649491
-1.7763586230185,-1.05179629665822,-0.746313060573026,-1.50060153948348,0.507529305982592,0.0621617419107519,-0.617247796325521,-0.913378411857357,-2.83075361270231,-1.63272954899685,-0.151528289521582,-1.21468245305906,0.952453908765899,-0.473118193947245,-1.58606108357697,-0.0400698034064289,-1.64072080575883,0.438249933290163
0.860648183909684,-0.057205210326508,1.82961339423805,-0.188321530722253,0.0712698973269004,-0.489892449690549,0.175848597860023,0.725732586972407,-0.829374957823846,-0.179275073416407,0.466325044806829,0.897363763504372,-0.433590981644832,0.413591703569507,-0.266898871106297,1.50199268376478,-1.92167619787907,0.955915873972411
-0.254963471351702,-2.56042930845277,-0.945569392800321,-0.856941370393374,-0.849742690652045,-1.45544027780989,-2.31393804360542,-0.557893013944984,-1.11880032653856,-1.71006028528204,-0.394826098903623,-2.05065577943009,-0.467262163607661,-2.06124595061333,-0.994274867071347,-2.2929906706147,1.17356357474117,-1.50054519345714
0.710683794254494,-0.00332060639219917,1.46602915836342,0.790925679940971,0.403586295841584,1.69460610297433,0.57814781454863,1.96862051645965,-0.0969591919893343,1.05508063492127,1.05939003640653,2.39487842759481,0.374351741539199,0.685377231862846,0.617668007360641,1.15017461739842,-0.176526884504534,0.273950682182892
1.23732369111917,0.325857718456359,0.12416322269349,-0.686268352577984,0.765783231477507,1.51920643433012,0.42219265292602,0.467675930579299,-1.27832024117586,0.993212142989419,1.11946208878851,0.258149377420505,-0.555328731687018,0.878209352725265,2.19074768115958,0.872356196392119,-0.542597633769791,1.84330560494634
0.362436934570495,-0.981032249939339,0.316474952732404,1.76061260034477,1.13477674512782,0.190344037901845,0.528594209259615,-0.158061746219093,0.26600967038732,0.578741405634894,1.13823058499645,1.64287597659997,-0.350748256124629,0.919409848612432,0.758746492380118,-0.794119697070535,0.687980586073924,0.456855411051368
1.13932339185422,2.06429044100519,1.18224620117549,-0.688045153612019,0.0896394326500787,0.674199398461713,0.20834923699213,1.35810598795171,-0.124083633279253,-0.254866380151362,0.339675130665514,2.31964705359424,0.188817237878679,1.4570765237029,0.425845322436507,-0.763581208388264,0.469329352250294,0.718366864272563
0.369127360318156,2.09094189712907,-0.252376606368764,1.28816955475517,0.603002663508456,-0.298315790398681,3.70653896373603,0.516583857176926,0.69090425765932,2.57610525202344,-0.0978328470824628,1.58123298668273,2.38027479090718,2.17754089453753,2.84742711407437,1.54062038929109,-0.945727653860545,1.06094226121379
-1.40341194264152,-0.518058232458436,1.14988609759423,1.13912315540085,0.412886303670354,-1.02945243224891,-0.344524156332174,0.286501096098157,-0.739169100596058,-0.447956707300619,-1.32750051671772,-1.12464349614964,-0.735154462390045,0.0180926813587245,-1.13090170442005,-2.10257682720319,0.68029466434635,-0.432699465404656
-0.499228536165594,0.776925505896059,-0.330299757581669,0.691234370145415,1.31621081023797,0.779463775192216,0.954539483494018,2.18599190898482,1.60140396296086,-0.577622252379683,0.00661936067460788,1.10629389022736,0.859541921461381,1.4082830657094,1.02641106946911,1.2002942979673,-1.63568580639404,0.24444075683451
-1.18059782926139,-0.446022224445515,-1.31251962183546,-0.257743754860166,0.77559581584184,0.25943465739404,0.628284266958039,-0.252448263597311,-0.57652380669091,0.379902309555839,-1.37277039589889,-1.32717644662065,0.0214643314310186,0.811285528871122,1.62020244889437,0.178359643034739,-0.301377275830772,0.0951175858648723
0.10927946238314,-0.154104363181805,-0.0203880843583338,-0.898161394035217,-0.695261845019818,-0.191996569123249,0.696789641262621,0.809690596042751,-0.474574305857711,0.638286098363481,0.410487988744684,0.976442754653471,1.58081185806504,0.576888096408778,1.73093095887434,-0.693082253953377,-0.155735331347473,0.953233666914638
-0.180383920961801,-0.622269376041674,0.0107789084465215,-0.267101950404326,-0.305236937184033,-1.00908754404076,-1.41875557595704,0.322660780229491,-1.30924501752639,-0.592423044647389,-1.49082282907401,-2.47972479059867,-1.6990575418524,-1.64097329178784,-1.23990460773707,-2.27896961601709,0.0411878106813946,-0.90326939435175
-0.00355547028508909,1.36770573567198,1.26208706906424,1.48976561920243,-1.76660428673885,0.202086677166394,0.336886153517256,-0.383068168459009,0.734496530215109,-0.405333202671854,0.720674906743317,0.159241138125516,0.186373501095587,-1.00390929645068,0.959031337739467,1.81998434280426,-1.40712893433099,1.84896435667903
0.434537537200375,-1.06226142040131,0.102616448959561,-1.26048923875739,-1.22118490940389,-0.570059236792517,-1.32434821213763,0.435359671705836,-0.576827541741221,-1.09862480732074,-0.0614014063641216,0.447740508955265,-1.93237191430405,-0.328817171523311,0.788346519735397,-0.388808257389051,-0.995674280543894,-0.130024620885877
0.647741204555192,-0.143589384172104,0.747706211274364,0.901506449789017,-2.03368970130068,-1.90535510866032,0.251899117291467,1.44182638510527,-1.50611733143095,-0.550654492377535,-0.710059236238589,-0.943608088422862,-0.182334457570678,-0.604622769949075,0.0424297296960982,1.0776074090637,-1.14804308034871,1.02481465815579
-0.215472192179931,-1.00930592949613,-0.569682247212762,-1.71652754736082,-0.88704883570109,-1.45043873038477,-1.32676273432936,0.352798967746556,-1.46348817367388,-3.17893819999706,-1.63649511684204,-1.82689620210256,-1.01648741065772,-0.644591413436913,-1.430415232037,0.528891677252573,-1.38164957558143,0.209150043748078
0.279737116218269,-1.57724691132926,-0.348458040321297,1.93974302181232,1.29416837920366,0.499208483535751,-0.201087586184744,-0.347977012048734,-0.0016327699078106,-0.373526805074246,-0.184795401579659,0.356292500129925,-1.04441982714475,-1.40893080423709,-0.987865389619447,-1.26978146300504,-1.61758934264281,-0.0447949665049795
0.179671080790401,0.329332976942269,-0.198593869062073,1.8018770324732,0.485409948446156,0.258668140120176,0.816359208423123,0.350671865220426,-0.970382898106259,0.697872549237147,-1.1647696590475,-0.0422939703384543,-1.12543332998131,-0.494289818310456,-0.25120283507152,0.101624104294233,-1.27349054832934,-0.235944580634408
0.325646492240034,-0.483404513310655,-1.58027775731889,3.13312092946912,-0.324020638887884,-0.706757544899176,0.971007223072189,0.20755976894163,0.460284337320304,-1.36558387124606,1.40089281103535,0.804754429368542,-0.234939498805187,0.405744126756675,-0.478787499723393,-1.52202883882881,1.17180434235361,-1.06318129079782
-0.315649274800097,-0.462251443745942,0.729191652295933,-1.53474510779465,-0.756576517435134,-0.815084687146473,0.581941074111627,-0.465671068821434,0.68054939248157,-0.540198207735858,0.411697412602173,0.248008032183785,-0.305301483102009,-0.30321184231709,-1.01889620356794,0.353086966057288,-0.197461732364496,-0.680312848395557
-0.0614176884851822,0.747553114080077,-0.115109876852846,1.17271748264696,-0.175153462766682,0.216915177425846,0.656050418486121,-0.631897272699148,0.829363470298797,-0.497153361825599,-0.0915399168443194,-0.168502790647578,0.722926503627544,-0.426723012520832,-0.0955316852418829,2.36403326105606,-1.27312614016271,1.92001030477651
-0.349513427283472,0.752451779162451,-0.844264639378987,-0.11821664924576,0.951259492982169,1.14414827225842,0.476525123050892,-0.220182241990112,-1.21985209262408,-0.451103692755254,0.880064781920151,-0.99207013480502,1.02100598984241,-0.0142418717992195,-1.04299994756148,-0.57322857656413,2.53316212942856,-1.88359289357403
0.162605899314387,0.342776503172356,0.284145470806097,-2.22666049889735,-0.466443361523908,0.830597522265855,-1.78635883620441,-0.746988528913433,-1.17121152997263,-1.15952095370717,1.41548796142552,-0.733312042064587,-0.759699915948859,-0.644414033080825,-1.45207718963113,-0.523690493176639,0.0868556451768212,-0.547238151388369
1.64793168467487,2.026242840773,1.83821482137036,1.69214052042045,1.9645769047047,2.86573824078139,1.20035837639206,1.05004511222286,2.44473282068576,2.66111245464844,1.11816485789788,2.57233147130445,0.811939999785845,1.58264571643783,2.11459805883735,1.49331186464145,-0.768904023471718,1.21859758799164
0.641190401939362,-0.695159126445779,-1.03068828788151,-0.553528613029228,-0.259153763961084,-1.06067748746427,-0.518463312684694,1.07684245895074,-1.57682665953049,-0.00627765416319581,-0.0813175651169423,-0.0721904956255923,-0.393520703973032,-1.76213159386818,-0.300954931190303,-0.481496539436562,-0.0960161067370271,-0.0210635989511786
0.45927121102558,1.16000816095076,1.31458481999885,-0.8907721237056,-0.688598376093629,-0.989595591712405,-0.629802696957173,-0.281549080695077,-0.578134583361462,0.241496448616536,0.614998763195617,-0.923870170588144,-1.26000536679531,-1.25819996840673,-1.17896374066938,0.822190473870219,-0.27308808966678,-0.0521540446278643
-1.65480048050189,-2.39940615178577,-0.834291844969985,-0.572859203723511,-1.547008265012,-0.824335196194462,-0.807076337827363,0.642446896450444,-0.577048214293843,-1.30129418174534,-1.75950115014885,-2.80737518582883,0.443962346773723,-1.72784765068396,0.772647620723792,0.237278571700188,-0.0508453085134853,-0.94383464999571
1.79144556515277,0.726238544831773,-0.378294947294682,-1.3607878176492,-1.04990723684586,0.565119874667032,-2.05990795895684,1.44852795770871,-0.420408571964782,-1.49270215287989,0.209915879667517,-0.226477094335574,1.35146874856418,0.0218832017713339,-1.19443904681353,0.241174891535891,-0.885362158941848,0.242548252382289
-1.31174900276007,-1.8594329702705,-1.49143911103201,0.605056123158131,-0.37060598490632,-1.22712357288746,-1.51503421759383,-0.162725320316533,-0.994002438960093,-2.25900277063153,-0.471419868432434,-1.96279392905197,-1.64207410177429,-1.08272647278481,-0.330581530526614,-0.186090323604062,-0.562202760183103,0.266075824220561
1.45701867869917,-0.660873898924653,0.903048186040552,0.156728876096195,0.727344614650865,0.994087611150954,-1.0354315105805,0.218370075297957,0.886083009948652,2.16271886195433,0.654875106920782,0.476680879808869,-0.382750559961863,0.804650736881629,1.04204253000318,-0.327788647959823,1.13233874930835,0.146864609461285
-0.470294852681638,-1.7762497035249,0.174309583090389,1.37563628811354,-0.258232110290046,-0.0281422328933972,-0.966654857048622,1.09910569890317,0.189473929006509,-0.348167828192136,-0.524970381061379,-0.157161449498598,-0.250034500960195,-0.416245812693342,-0.00942862512740278,-0.859800821697757,-0.331411487405196,-0.182068979267267
-0.543003913887895,-0.56652989890812,-0.9930828144516,-1.06785718216705,0.460036977646387,1.2636416029011,0.641305398594927,-1.19091196220482,-0.460240028698962,-0.402710305320265,-0.414644394782966,0.239323942898671,-0.374742802009187,-1.03445393800087,-0.43288358088095,-0.550811514459493,0.843448467698233,-0.0156952882169902
-0.393002755489135,-0.477845051891191,-0.636176527433098,0.246962996919751,0.10661475304272,-1.21572953427167,0.633940108253768,0.561539414001823,-0.774115490351562,-0.391397862868446,-0.549591731487921,1.30336705679976,-0.158373501942774,0.00155154292736287,1.47919468555621,0.463296916212822,-0.164133812622377,-0.279429579074806
-0.336136715661247,0.198588112534391,-0.739462571674192,-0.195587946325546,-0.598512271566374,0.0501466724807629,0.469892976421622,-0.0546781919481415,0.369116893490084,0.565054893562935,0.604187136787866,1.20545546646159,0.0232577542046369,-0.202174631068119,0.837339753153263,0.405892711647096,-0.874391573721349,-0.026622037359721
-0.950680196105163,-1.36155805133612,0.34564712893571,-0.0496118230859404,-0.993527941601444,0.307093844052911,-0.45595597249068,0.629778465419115,0.690045499921904,0.112412924984618,-1.52508887468631,-1.47478372353472,1.22735063962022,0.0877305407181959,-0.397345546046288,0.0332670864197303,-0.187796409073062,-1.06867484684069
1.52123512682393,-0.473458772008336,0.143146845663735,0.605043069635766,-0.640706826225526,1.52333252184905,0.00478012769197064,0.570815198416247,1.36330692389087,0.0615618961853058,1.80382526158265,1.83847894342283,0.124989834250733,-0.0454115574622765,0.289680453698423,0.616815719345205,1.21863718695364,0.83502659628206
-0.891106499346836,0.77177064773274,0.019943595838006,-0.472519689573076,1.20146519635379,1.15038504203037,-0.865160542402182,0.805443327235884,-0.81706740591379,0.247769337326216,1.04264012771668,0.864034390978311,-0.00287874767967841,-0.479775499155461,-1.27819354926034,0.340522203648935,0.0922264517845145,-1.72871841953601
0.0507220322672485,2.12000819511245,-0.320745132755902,0.971306650502953,-0.26048219622124,-1.10090364587523,-0.0573196961311463,0.917149153805789,1.71251327985074,-1.0723214066467,-0.847659258185401,0.294024152953827,0.664618769481648,0.474913670216302,2.53695163680255,1.10480700013464,-0.757864867800817,1.15616262455833
-0.234395673542566,0.103079379503464,-0.3591619307881,0.979183924508361,-1.17191956956378,-1.52356563480029,-0.193610019120381,1.04190239600354,-1.0814408096232,-0.566672520567613,-0.671877450343389,-0.563586349029127,1.20350571427709,0.631023716758162,-0.559549223984925,0.343588282744459,-0.046767039816406,0.408997931195082
-1.37748052665799,-0.48208771322841,-0.670131487393898,0.892585519683855,-0.785936104194464,0.0224379489150233,-1.1633703290506,-0.557380467207603,-3.2723229801523,-1.89181223669054,-2.56609289787057,-3.38269755325341,-0.408635332260156,-1.36197407837727,-0.965072542291767,-2.47269986851425,-0.0116114960850771,-0.57723714401223
0.439235566373683,0.621673090696893,0.0674472317740525,-1.51736403904371,0.090762409875936,0.163512379406438,-1.57324455120902,0.154570134354507,-0.877779602987125,-1.46306175008715,0.33157185056658,-1.4033225845829,-0.96075581748684,-0.440211038778812,-1.43460893913363,-0.276323258791281,1.13022275953958,-0.988623441003268
1.20505010819175,1.65505910277488,0.705978810169571,2.16488793526617,0.98553879195695,-0.185102035946456,0.461048893927527,0.473074103112879,-2.41477856294969,1.03269243892687,0.837049809877871,1.25846378896451,1.07994896322827,-0.796231520753924,-0.0457486566756108,0.438722785041577,0.210531229664933,0.813816094635691
-0.314652858947789,-1.11466062338091,-0.548892204883625,0.378721864611072,0.305993710796772,-0.499026885749187,-0.582641499641728,0.318115451312581,-1.09045715917512,-0.733532425894252,0.094250578951829,0.33578390102909,0.76288384400134,0.00922494279165892,-1.73868059074818,0.86747327754737,-1.51719293727564,-0.417689897630469
-0.555962339815466,-0.0980596043061874,-0.324533923875967,-1.49344379454945,-0.0503101091833159,0.0252320677268147,0.548782307871447,0.145394805835185,-0.15465583767813,0.133003740118622,-0.738364906960462,-0.325003096843206,-0.155512861238868,0.509097905631738,-0.499251352432935,-1.35626892112161,1.45334032007614,-0.415263110176718
0.400486375693619,0.368342474069439,-1.49097059616279,0.571833811335675,0.0621253489705374,0.0816900245942108,0.567622958589928,1.2117234391857,-0.490950713261847,-0.0361960434524619,0.0833283509317305,-0.605036939471696,-1.14232415582953,1.13860869755865,1.30838443061982,-1.06805514533897,-1.12317482286331,0.138992193599956
-1.57424368290756,-0.454321232172721,-2.43971173859316,-1.73323398018964,0.0815663228378523,-0.327514863534333,0.888286126534018,0.215531622738423,-1.13052367024975,-0.272470419412848,-0.857932149523019,-0.787959860129492,-0.649741917046727,-1.19434398684465,-1.21555567427406,0.268305517043105,-1.64502477093423,0.157416559212469
-0.523868684472233,-0.241288055272132,0.25735243766325,0.199559872041073,0.41167373086344,0.423995018614483,0.17037684633609,-0.962384136643497,0.323188258503766,0.173448094445537,-0.494364578350287,0.0150016404511852,-0.0398725018195308,-1.3366972223811,-0.71937429559443,0.894213269871178,-1.20682085804902,0.769145283107748
-0.0571797279862106,0.792720346944098,0.675460914970778,-0.197922793234771,0.348378905996087,0.0304487372717841,-0.476449437253085,0.220639752637136,-0.345260603997391,0.498404089811384,-1.25313011345706,-0.842102454550634,-0.0502299722218475,-0.184526605303869,-0.169528358726298,-0.815263627818036,-0.245203275159883,-0.45798019695741
0.330830962423175,0.477837711369598,1.14373939388041,0.449605773790686,0.279653562170496,0.323331558691779,1.84665697982894,0.17677927713451,1.93122295561652,-0.390500558194638,-0.420739680882938,1.39410078842336,1.81523984060716,1.75425510050912,0.824338505469962,1.46817826407423,1.17310321459998,-1.33347031621647
1.26984977602164,0.650494864966115,-1.47530408376227,-0.325571487764475,2.33172084784163,1.24483881786875,-0.309327254589633,1.48329438532029,1.82696164335461,0.736552332851674,1.2061541647712,0.706839385310588,-0.0108329154244568,0.852816602133479,1.43607018828906,1.14105506227067,0.829607882645778,-0.14260400539026
-1.35946154320668,0.292868657421708,0.191288930572599,1.24777649199205,-0.700814617020864,-0.151205575432619,0.226116731913734,0.863324247235122,-0.496439683825432,0.359505843492962,-0.434935649197356,0.0928161421563437,-0.0719097143837635,-1.18551752180135,-1.36732355144656,-1.80833306593561,0.000636471600461222,-0.8177307554993
-0.780479742384085,0.771371889326946,-0.0635430795142073,-0.193082129152619,0.285094686241428,-0.114943266777535,0.283114949959307,-0.822251312648956,-0.508518208520152,-0.792156741030812,-0.928314401125172,-1.5563331508289,-2.10088072631214,-0.0356292100579209,-1.53320433116608,-0.331011082769841,-0.792133508741625,-1.50488898245446
0.0183106231194149,1.71199822491797,1.18638881512759,0.108600921721742,1.045826428698,1.07966270518794,2.82515361733841,0.253656204455447,1.60211584630134,1.29142082594812,0.344408051336095,1.02603798046219,1.12335324435108,0.591874458220894,2.11017667326815,0.696859664262194,0.582298308384907,-1.04663765656285
3.91490050160927,1.2982852700076,1.33416709610645,1.37538735694572,0.649637185455423,0.0489087915165905,2.25375820561305,3.14541445757295,2.0021061910315,1.80918157013892,1.56641028010973,1.98450950076783,2.13199910684676,2.39208308101028,1.24640912797694,1.77509954273594,2.42258107311535,-1.49517011618949
-0.988295208994223,-0.509422534232097,0.200575497049669,0.345345465291479,1.14547662315392,0.200982192886983,-0.553372538800579,1.03920654478048,0.766769208638473,0.851273397201345,-0.419811873578737,-0.623144137359769,-1.36769589842999,0.758189074836037,0.158489504381759,0.511517589764291,-0.767358218262355,0.573990426686104
0.000873042240630092,-1.0863367235381,0.328199820655408,-0.472730982733048,1.4957822707899,2.0667134719169,-0.795021564149104,-0.653748494687291,1.03922235573918,0.601725949148955,-0.552862837549073,0.58474238027557,-0.176845040466817,-0.0265575082048376,-0.315236667629938,-0.868018018986043,1.44401570485166,-0.816895112490822
1.41218386960542,0.436864452426731,0.58217821981326,-1.04590245358773,0.791719994614272,-0.353075200820454,1.22677762768028,0.216670790434168,0.0197570741329925,1.76888354829043,0.478243981867937,0.72594913235267,-0.303607972316349,-0.325521081607125,-0.240865070021337,-0.175547052889249,-0.242677825349378,-0.5491340121981
2.14240685404932,2.52852435748698,0.893231540000192,0.462502945451762,-0.54560136809827,-2.11836557425671,2.21568777305485,-0.820722925242658,2.98102366035464,2.3701769166372,0.711604926170429,0.731605628295606,0.70121379525426,0.231136462413224,0.320057598543008,1.44566925601393,2.08231169482435,-0.245760700604073
0.786231830646722,0.436616235057081,-0.306276281542802,0.641831547209974,1.16309028597515,0.359457909094589,1.01977787069467,-0.499307237403151,-0.0425556755466047,0.989472227857029,0.736432789158759,0.785753368615447,1.09225445863666,-0.163894795909633,-0.260678932788817,0.63941583210896,-0.698438214653914,0.361739540097504
0.493319730497545,-0.180395094002231,-0.00745966462342408,-0.476859974960537,1.09356125876232,0.848342867132568,0.822355283228534,0.379804560808005,0.651808015255986,0.802260033382371,-0.156562740525413,1.537769235787,0.125143736221694,-0.200884817300422,1.38838399358936,0.740957391284012,-0.740357617251978,0.810548900079976
-2.68094128016112,-1.35791258769565,-1.82796780644051,0.795407185556155,-0.043562926410263,0.688571488919544,-2.10893117512129,-0.136283106418158,-1.42303945285616,-1.13161284945118,-2.4242352460442,-2.1361045906557,-0.377398452942741,-0.95054490427633,-2.48998587680879,-1.78734137918753,-1.74617912901977,-0.663567034482799
2.22168797282136,1.68591984769821,1.48909124198075,0.00707448017764627,0.6078770520588,1.99127033224287,0.749824339685409,0.221047471502433,0.529203421176875,3.07849358598731,1.12551025462496,1.60974481335104,1.42313692108141,0.889383649681043,1.145685615443,1.44120331990558,-0.579035074826876,0.823296893976267
0.035675108906128,-0.218333933873748,-0.46948368470725,0.608530502467233,-0.490172796258134,-1.15924697988191,-1.77303228714127,0.113565479489497,-1.34219563871308,-1.10743579274792,-0.949193273111973,-0.329529208783082,0.32276885118809,-0.920358590639234,-0.811384332339314,-1.6996659508756,0.588699838946881,-1.39790623566033
0.96684264078548,1.51075572027706,0.116925827336972,-0.858633477333045,-1.07537095950349,0.102840933848489,1.73251998313518,0.11902964881053,0.304607398496463,0.494461739139464,-0.14672836635542,0.144000942645965,1.18508848097682,-0.142188120979439,0.31658608791155,-0.237703585218497,0.182933323222077,0.839385329445742
0.361972627521318,1.22300122575092,0.971040178577983,0.47094334623794,-0.423651854084387,-0.252923021060983,-0.0660206228608968,-1.02709031682856,-1.48373584828468,0.771693915325403,-0.325548496605517,0.282477968550503,-0.477270175504205,1.41851266389245,0.628115831561542,0.112297238160936,-0.536515128389072,0.557611323325485
-1.64445656852176,-0.502344060224358,0.107211932511999,-2.07230394511887,-0.3307184146195,0.270601700270172,-0.221663998652481,-1.07943988850906,0.140548622759308,0.518168632135257,0.0920119472022077,1.07806047947432,-0.213218929019203,-0.0790838585314128,1.15910962590514,-0.58560150176271,0.878153514324165,-0.67168604503794
-0.195993068382079,0.441961516258576,0.0790758996522304,-0.109950835812843,0.654482319441197,0.272244137795834,1.78936731546758,2.34645070958081,0.24032602863931,0.428333120178305,1.21959382406213,0.711660339727044,0.979749967039657,2.57965469991163,2.42724492295391,-0.457911586436726,0.625526453398193,0.0269552379263058
-0.771754416619829,-1.92564017324014,-0.22423581046697,1.37260807041571,0.184357986370258,-0.356279448189976,-0.752912096914952,-0.31553387340683,-0.00324940773404076,-0.368459284018159,0.76429716817891,-0.0312601240494847,0.72171974927692,0.0594644024849044,-0.807268583121861,-2.33966839266305,0.51998074797019,-0.830784472746348
0.521644047301236,0.424721645124078,-0.263531467244998,-0.220643623882255,-0.059404526423939,1.20347809680909,-0.884314382687166,1.81965985887349,0.712343682059749,-1.57496775175407,-1.00735252199021,-0.472180101487372,-1.29710186200011,0.122746871064629,0.49535424502667,-1.49965964956296,-0.479448906454028,1.04704363643315
2.90777421801402,1.82957920108623,1.71845110614984,2.43136115002469,1.33450875610497,0.0856770494442689,-0.912355848061256,-0.0856117633132502,0.172420266199434,1.19540611834993,0.768867123179665,1.65561182106781,0.666912178845052,1.37311676998882,1.73254882937613,1.24585891608024,0.0869391642705779,1.0367646089176
0.27170367515681,0.24980208461804,0.94047896333933,-0.101454784507599,0.257733244404423,0.770871826651058,-0.593355046591175,-0.258079638566037,0.0600930306156646,-0.081486741719506,-1.27326340387736,0.472143367505165,-0.267042705825059,0.0850705031442068,0.50361639457126,0.350295692860577,0.957662365406076,-1.41110260800422
0.0390926592885523,0.206768207459595,0.498645958801148,-0.733398017036768,1.00657168830885,0.00726978842191362,0.686508792134036,0.311893977395001,-0.157538741785255,-0.0526030551384944,-0.430432513732794,-0.406547758156262,1.54926087916604,0.379814873860773,-1.1285107144327,1.87246216503797,0.463634651832123,1.03456814772683
-0.766022046582754,-2.0150174303491,-1.67428723357309,0.296940741588522,-0.85689723396314,0.193520905384815,0.253097310854908,-1.1480928761064,1.29422087845184,-2.0344382759016,-2.46838835556605,-1.66164245283348,1.29426644224396,-0.496397932776126,0.416888519810166,0.177906256382579,-1.08619013484152,0.73163917960837
0.741390628305788,0.548315876686115,1.03875007080462,-1.25252870215216,-0.887963199726593,0.246489513215047,-0.0279272533044365,-1.12391712024147,-1.05972992133257,0.535193039271166,0.19262773614104,-1.18531894552709,-0.371775923691369,0.149606598249195,-0.776033584754737,0.642545155173943,1.47071478746443,0.120656423468582
1.34522037966619,0.361677803021372,0.887974979608945,-1.64288141835351,-0.148171471178047,-1.11612413788204,-0.363093956985879,-0.51601470622218,-0.131760422325172,0.742913791255543,1.00795315017587,-0.143168532613397,0.868543901449464,0.68992906184674,0.559039533018453,-0.76066903937336,1.29058761745419,-1.08385623867466
-1.98692666914335,-2.4035695754666,-1.82837764693251,0.70718041192733,-0.576992779980139,0.215464774438249,-0.127617858460121,-0.981894064959444,-0.378156823616577,-2.2370985983503,-2.35076318934057,-1.26002144844393,-0.379053672238356,-0.524930337752239,-0.551351869503525,0.166451913346419,-0.25528857187132,-0.531241713393536
0.476620385740639,1.36456122505964,-0.315081689777457,1.51741459140894,-1.06602036259719,0.521604673510688,0.20533557310355,-0.895018246426616,-0.182534664187428,0.00162398884395715,-1.48920923237701,0.83727200295183,-0.12364810799833,0.114888540932354,0.154104560316219,-0.26108361873205,0.80904077892613,-0.431226402573254
0.491696191992107,0.075248571899184,-0.574034527461758,0.267379127260942,0.670617673259252,0.204553219236423,-0.348896747706267,-0.557277457062528,0.144606452586524,0.191763706053322,0.929670896884276,-0.222459625666319,0.0447881967920259,-0.143720649108824,-0.246413222788679,-1.17594242057697,0.441615278340041,-0.180316855205436
